5.987376751	1
5.989410932	2
6.004911318	3
6.013511146	4
6.024277384	5
6.027728128	6
6.03028546	7
6.031485429	8
6.033401665	9
6.034602819	10
6.039481945	11
6.042924089	12
6.049112761	13
6.050165059	14
6.051567775	15
6.054165798	16
6.054318601	17
6.056045598	18
6.056558207	19
6.057624023	20
6.059355999	21
6.06165964	22
6.062198845	23
6.063495437	24
6.066243324	25
6.067768069	26
6.068476969	27
6.0706019	28
6.070775551	29
6.071992479	30
6.073968492	31
6.07470449	32
6.075013664	33
6.077514283	34
6.080285742	35
6.083289254	36
6.084387702	37
6.085410449	38
6.089536541	39
6.089562987	40
6.091568934	41
6.093319344	42
6.094950793	43
6.097191943	44
6.102563145	45
6.103917216	46
6.107107907	47
6.110765021	48
6.119260205	49
6.12162008	50
6.176836592	51
6.184422842	52
6.193992662	53
6.202570626	54
6.202901721	55
6.204689636	56
6.204989972	57
6.2052219	58
6.205712423	59
6.206236602	60
6.207308654	61
6.209767165	62
6.215376573	63
6.216007892	64
6.218880139	65
6.21888502	66
6.219418697	67
6.219990127	68
6.220027281	69
6.220576663	70
6.220994089	71
6.22130282	72
6.222206978	73
6.222267728	74
6.222622408	75
6.225891629	76
6.226031313	77
6.22629505	78
6.226957783	79
6.227955909	80
6.228313163	81
6.229678637	82
6.229901804	83
6.230032196	84
6.230565503	85
6.230570938	86
6.231253355	87
6.231428639	88
6.23144277	89
6.231570224	90
6.231894299	91
6.232074321	92
6.232353329	93
6.233146525	94
6.233173521	95
6.233247126	96
6.233497668	97
6.233889275	98
6.23477261	99
6.234773832	100
6.235118732	101
6.235326977	102
6.235505665	103
6.235627994	104
6.236795371	105
6.236809365	106
6.23697591	107
6.236997354	108
6.237124087	109
6.237302437	110
6.237625566	111
6.238330162	112
6.239287763	113
6.239962609	114
6.240535937	115
6.240675961	116
6.241184556	117
6.241843633	118
6.241996262	119
6.242029021	120
6.242897807	121
6.242970235	122
6.24320299	123
6.243366592	124
6.243401426	125
6.243599794	126
6.24396201	127
6.244193276	128
6.244854275	129
6.244905809	130
6.244946654	131
6.245028857	132
6.245655128	133
6.245684618	134
6.245964001	135
6.246248727	136
6.24625619	137
6.247512713	138
6.248026752	139
6.248229266	140
6.248367996	141
6.248549483	142
6.248761097	143
6.249507778	144
6.24990873	145
6.251498379	146
6.251524995	147
6.251618592	148
6.252186731	149
6.25342314	150
6.253610231	151
6.253640551	152
6.253786244	153
6.253996813	154
6.255163678	155
6.255426657	156
6.255728984	157
6.255880161	158
6.255903743	159
6.256117843	160
6.256258793	161
6.256445393	162
6.256461135	163
6.256959083	164
6.257224121	165
6.257239718	166
6.257889839	167
6.258004854	168
6.258143831	169
6.259458222	170
6.259679899	171
6.259681156	172
6.259816474	173
6.259942662	174
6.260025545	175
6.260182913	176
6.260205068	177
6.26026268	178
6.260431435	179
6.260517776	180
6.260684858	181
6.261120173	182
6.261136146	183
6.261535302	184
6.262186764	185
6.262581915	186
6.262798176	187
6.263065734	188
6.263200136	189
6.263227223	190
6.263301846	191
6.263540704	192
6.263943251	193
6.264010047	194
6.264426561	195
6.265452561	196
6.265646758	197
6.265664268	198
6.265712921	199
6.266553397	200
6.266747773	201
6.266943374	202
6.266966171	203
6.267136165	204
6.267253069	205
6.267296633	206
6.267629014	207
6.267849003	208
6.267850908	209
6.268728697	210
6.269108631	211
6.269124507	212
6.269455387	213
6.269463379	214
6.269538314	215
6.269676177	216
6.270106608	217
6.27010785	218
6.270252819	219
6.270518051	220
6.270568565	221
6.270726205	222
6.270740634	223
6.270770363	224
6.270790648	225
6.271045603	226
6.271812726	227
6.272122711	228
6.272224932	229
6.272225841	230
6.272363101	231
6.272545061	232
6.272564534	233
6.272777417	234
6.273178382	235
6.27330572	236
6.273388121	237
6.273421934	238
6.273531874	239
6.273541341	240
6.27358778	241
6.273673311	242
6.273847371	243
6.274354988	244
6.274469586	245
6.274539674	246
6.27495116	247
6.275323873	248
6.275389621	249
6.275507457	250
6.275617879	251
6.275846168	252
6.275867744	253
6.276273318	254
6.276698444	255
6.276762272	256
6.277313567	257
6.27732714	258
6.277358291	259
6.277514341	260
6.277572988	261
6.277976271	262
6.277986985	263
6.278213916	264
6.278432504	265
6.27882607	266
6.278905909	267
6.279018347	268
6.279308119	269
6.279336547	270
6.279514876	271
6.279565905	272
6.279854913	273
6.279949863	274
6.280551953	275
6.280807469	276
6.280831038	277
6.281308642	278
6.281311983	279
6.281539175	280
6.28208909	281
6.282344138	282
6.28240662	283
6.282658865	284
6.283117122	285
6.283376576	286
6.283788607	287
6.284033161	288
6.285464843	289
6.28588018	290
6.286016494	291
6.286202762	292
6.286263071	293
6.286419802	294
6.28647383	295
6.287045088	296
6.287333062	297
6.287518568	298
6.287708319	299
6.288020092	300
6.28811786	301
6.288206636	302
6.28836834	303
6.288406509	304
6.288688871	305
6.289240721	306
6.289449176	307
6.290487829	308
6.290916182	309
6.291296917	310
6.291567902	311
6.291684494	312
6.291935214	313
6.292159143	314
6.292556682	315
6.292681887	316
6.292834631	317
6.293137382	318
6.293242343	319
6.293584756	320
6.293709626	321
6.29392012	322
6.294227999	323
6.294286559	324
6.294362154	325
6.294778908	326
6.294987946	327
6.2953823	328
6.296103735	329
6.296454402	330
6.296489156	331
6.296759637	332
6.297092182	333
6.297104433	334
6.297289664	335
6.29742858	336
6.297500314	337
6.297626397	338
6.2977715	339
6.298083273	340
6.298568916	341
6.298584106	342
6.300185577	343
6.300442089	344
6.300870197	345
6.300992705	346
6.30169873	347
6.301966652	348
6.302008263	349
6.302043651	350
6.302297813	351
6.302519022	352
6.302590947	353
6.303488191	354
6.303807094	355
6.304628307	356
6.304749841	357
6.305144625	358
6.305207456	359
6.305386478	360
6.305634809	361
6.306032567	362
6.306076346	363
6.307373029	364
6.307788895	365
6.308057754	366
6.308337786	367
6.308340734	368
6.308355472	369
6.308575527	370
6.308640859	371
6.309132416	372
6.309682483	373
6.310671586	374
6.310693258	375
6.310781906	376
6.311044869	377
6.311239001	378
6.311445856	379
6.311520126	380
6.312082188	381
6.312334714	382
6.312384353	383
6.31297075	384
6.313015264	385
6.314172358	386
6.314305908	387
6.314422995	388
6.31467035	389
6.315317084	390
6.315518016	391
6.315965028	392
6.316020666	393
6.316091256	394
6.316778203	395
6.318835199	396
6.319861279	397
6.319985653	398
6.32086271	399
6.322038032	400
6.322416037	401
6.322700261	402
6.322749587	403
6.322810684	404
6.322820118	405
6.325100717	406
6.327449423	407
6.32779632	408
6.330010666	409
6.330549556	410
6.330875241	411
6.332682386	412
6.335059496	413
6.335766384	414
6.336745802	415
6.338258109	416
6.338279154	417
6.338363245	418
6.340628463	419
6.340820227	420
6.341137468	421
6.341363362	422
6.342467291	423
6.342750291	424
6.34466069	425
6.3447469	426
6.346160717	427
6.349699482	428
6.350177919	429
6.351945556	430
6.352424862	431
6.35260754	432
6.353489574	433
6.356504321	434
6.357056056	435
6.358079162	436
6.35886632	437
6.35949942	438
6.360500711	439
6.361079965	440
6.361374078	441
6.362419205	442
6.362724339	443
6.363728944	444
6.365139344	445
6.366646529	446
6.367573368	447
6.368148191	448
6.36843449	449
6.368460365	450
6.370710072	451
6.371697583	452
6.371886409	453
6.373032335	454
6.373668	455
6.373848578	456
6.373902238	457
6.374636199	458
6.374683439	459
6.37510277	460
6.376951444	461
6.377341212	462
6.377714504	463
6.378812503	464
6.3789779	465
6.379120279	466
6.379217678	467
6.379633848	468
6.381078818	469
6.381351328	470
6.382869795	471
6.383221711	472
6.383603927	473
6.385337115	474
6.38556936	475
6.386630243	476
6.387256339	477
6.387746201	478
6.388071373	479
6.388127166	480
6.388842463	481
6.388961218	482
6.388995071	483
6.390990031	484
6.391654526	485
6.392125897	486
6.392225033	487
6.392592982	488
6.393487461	489
6.393687708	490
6.393770251	491
6.39452947	492
6.394921089	493
6.39513189	494
6.395474272	495
6.396037076	496
6.396464295	497
6.396724803	498
6.397256036	499
6.397952538	500
6.39849801	501
6.399622032	502
6.399705468	503
6.399849313	504
6.400360079	505
6.400990616	506
6.401846614	507
6.40316563	508
6.40402895	509
6.404567281	510
6.406631027	511
6.408351257	512
6.408706503	513
6.409339731	514
6.409367645	515
6.40945284	516
6.410989956	517
6.411401176	518
6.41292874	519
6.417646813	520
6.418085171	521
6.419303613	522
6.421478134	523
6.421718246	524
6.427607527	525
6.42780119	526
6.429514255	527
6.429681263	528
6.429772023	529
6.431873066	530
6.432036724	531
6.432217207	532
6.434683478	533
6.435195304	534
6.435725377	535
6.435755647	536
6.436077273	537
6.436669506	538
6.437794931	539
6.438226209	540
6.441153665	541
6.441329429	542
6.44143006	543
6.443595755	544
6.44379031	545
6.444273646	546
6.444646903	547
6.446210109	548
6.447922812	549
6.448826784	550
6.449035897	551
6.449702257	552
6.450775876	553
6.451995029	554
6.452534953	555
6.452548547	556
6.453213634	557
6.455591861	558
6.456441925	559
6.45777219	560
6.462031075	561
6.464153092	562
6.464615637	563
6.465074504	564
6.46526516	565
6.46642883	566
6.466744071	567
6.467855206	568
6.467949076	569
6.468956516	570
6.469404623	571
6.469518747	572
6.469834606	573
6.471040732	574
6.471493213	575
6.474477785	576
6.476089542	577
6.477401531	578
6.477807009	579
6.477950609	580
6.47908103	581
6.479960475	582
6.480857376	583
6.480885074	584
6.480981612	585
6.481140457	586
6.481611221	587
6.482190626	588
6.482405507	589
6.483001868	590
6.483040517	591
6.483781093	592
6.484536669	593
6.484551514	594
6.487575933	595
6.487908503	596
6.489764415	597
6.490390789	598
6.49125449	599
6.491418771	600
6.492794219	601
6.493627411	602
6.496274242	603
6.496505039	604
6.497153172	605
6.497810297	606
6.497999557	607
6.499656413	608
6.500427348	609
6.500715854	610
6.501100781	611
6.501727874	612
6.50189336	613
6.502719089	614
6.503390495	615
6.504125832	616
6.504519331	617
6.505675191	618
6.506970343	619
6.507446903	620
6.507941384	621
6.507990147	622
6.508687535	623
6.509603785	624
6.510205646	625
6.510266433	626
6.510494921	627
6.510730082	628
6.51085194	629
6.5113079	630
6.51143641	631
6.51191494	632
6.512474907	633
6.512617102	634
6.513046154	635
6.513815324	636
6.514324833	637
6.515218439	638
6.515394046	639
6.515584193	640
6.515652444	641
6.515669105	642
6.515997874	643
6.516008138	644
6.517969431	645
6.518607911	646
6.518680122	647
6.518696805	648
6.518995904	649
6.519459196	650
6.519504539	651
6.51997458	652
6.520110249	653
6.520432659	654
6.520560679	655
6.520817099	656
6.521242009	657
6.521549152	658
6.521744064	659
6.521792391	660
6.522482305	661
6.522599497	662
6.522897339	663
6.523321366	664
6.524355643	665
6.52569655	666
6.525846985	667
6.526172383	668
6.526220185	669
6.527826188	670
6.529297694	671
6.530398099	672
6.530590006	673
6.530635133	674
6.531175783	675
6.53138285	676
6.531654142	677
6.531742466	678
6.532566391	679
6.532793275	680
6.534055303	681
6.534163141	682
6.534457941	683
6.535277283	684
6.53536976	685
6.535471554	686
6.536176035	687
6.537092126	688
6.537378023	689
6.537381241	690
6.537391421	691
6.537813412	692
6.537817831	693
6.538588645	694
6.538831631	695
6.539412693	696
6.539687968	697
6.540013559	698
6.54057065	699
6.541337141	700
6.541558848	701
6.541606482	702
6.542071596	703
6.542091327	704
6.54489978	705
6.545703827	706
6.545829828	707
6.545916979	708
6.545993773	709
6.546796917	710
6.547129879	711
6.547195606	712
6.547895635	713
6.547910666	714
6.548013075	715
6.548258517	716
6.548389472	717
6.549053799	718
6.549268527	719
6.549322587	720
6.549789179	721
6.549868308	722
6.550177345	723
6.550559436	724
6.550959936	725
6.551840286	726
6.55288309	727
6.55326398	728
6.554969272	729
6.55517381	730
6.55562164	731
6.556242861	732
6.556519022	733
6.556537208	734
6.556887004	735
6.556946826	736
6.557012233	737
6.55849625	738
6.558973436	739
6.559451484	740
6.559537999	741
6.560255237	742
6.560964507	743
6.561776474	744
6.561960697	745
6.562191117	746
6.563378258	747
6.56446859	748
6.565166287	749
6.565339547	750
6.565975619	751
6.566413854	752
6.566890602	753
6.567295135	754
6.567669668	755
6.568394698	756
6.569258179	757
6.569900327	758
6.571787248	759
6.571869919	760
6.57318853	761
6.573567043	762
6.574169764	763
6.574340986	764
6.57436793	765
6.575223422	766
6.575524579	767
6.57585026	768
6.576191826	769
6.577076839	770
6.577247182	771
6.577353242	772
6.577488695	773
6.578362135	774
6.578623886	775
6.578918776	776
6.579534213	777
6.579775917	778
6.579998779	779
6.58037064	780
6.580460281	781
6.581430052	782
6.581761375	783
6.581937631	784
6.58202873	785
6.582142861	786
6.582366148	787
6.582938145	788
6.583041155	789
6.583381491	790
6.583787649	791
6.584377218	792
6.585987432	793
6.586128329	794
6.586442492	795
6.586967444	796
6.588050436	797
6.588396191	798
6.589278015	799
6.589290879	800
6.589481302	801
6.589607084	802
6.589720339	803
6.590111157	804
6.590520454	805
6.591106387	806
6.591360011	807
6.591917471	808
6.591975684	809
6.592500947	810
6.592534492	811
6.592681996	812
6.593228343	813
6.594394211	814
6.594480972	815
6.594755297	816
6.595380653	817
6.595493116	818
6.595516963	819
6.595570106	820
6.595729473	821
6.596010549	822
6.596411223	823
6.5971039	824
6.599146814	825
6.600139781	826
6.600386991	827
6.601689336	828
6.602114829	829
6.602599649	830
6.602996685	831
6.60336459	832
6.604101281	833
6.604840852	834
6.605772096	835
6.606937923	836
6.607219288	837
6.608493741	838
6.609706086	839
6.610552964	840
6.610831459	841
6.611322263	842
6.61136579	843
6.61192301	844
6.612314323	845
6.613023955	846
6.613230656	847
6.613392716	848
6.615013638	849
6.615558241	850
6.615809466	851
6.616367966	852
6.616809402	853
6.617421948	854
6.618062584	855
6.61814753	856
6.618318559	857
6.61877499	858
6.618957007	859
6.618973577	860
6.619820479	861
6.619917444	862
6.620101202	863
6.621570266	864
6.621660471	865
6.622718678	866
6.623237842	867
6.624000255	868
6.624511691	869
6.626719271	870
6.626843406	871
6.627153246	872
6.627572898	873
6.627579755	874
6.627928298	875
6.628103871	876
6.628982741	877
6.629843738	878
6.630947216	879
6.631022837	880
6.631284744	881
6.631650396	882
6.631707754	883
6.631958894	884
6.632609493	885
6.633473309	886
6.638381728	887
6.638563198	888
6.639523643	889
6.640277722	890
6.640473084	891
6.641440244	892
6.642151219	893
6.642913239	894
6.643199281	895
6.64461894	896
6.644674455	897
6.644781095	898
6.646363015	899
6.646405864	900
6.646697913	901
6.647232978	902
6.647741616	903
6.648341307	904
6.648803231	905
6.648920499	906
6.648958946	907
6.649078555	908
6.650105533	909
6.650357857	910
6.651108562	911
6.65176927	912
6.651860869	913
6.651866209	914
6.652623821	915
6.652652878	916
6.653071729	917
6.653526244	918
6.653986912	919
6.653993578	920
6.65485141	921
6.655706761	922
6.65679308	923
6.657687687	924
6.657849962	925
6.657937462	926
6.658273526	927
6.65837189	928
6.660161147	929
6.661908515	930
6.662193284	931
6.663672349	932
6.664012887	933
6.665609028	934
6.665873863	935
6.666003921	936
6.666412953	937
6.666980194	938
6.667491646	939
6.66812094	940
6.668413793	941
6.668708961	942
6.670740279	943
6.671496983	944
6.672811289	945
6.673501734	946
6.675338341	947
6.675762578	948
6.676288448	949
6.676581348	950
6.677046135	951
6.677302694	952
6.679376709	953
6.679934595	954
6.680303644	955
6.680421875	956
6.680599538	957
6.680662498	958
6.681313776	959
6.681839533	960
6.683839173	961
6.684339001	962
6.684543576	963
6.684644869	964
6.686189187	965
6.68907801	966
6.690008294	967
6.691275723	968
6.69153668	969
6.693479386	970
6.693846668	971
6.69434501	972
6.696132621	973
6.6967168	974
6.69695166	975
6.697130951	976
6.697589578	977
6.698683962	978
6.698706298	979
6.699004756	980
6.699120345	981
6.699286195	982
6.699482654	983
6.700863116	984
6.701275219	985
6.701306296	986
6.701689255	987
6.702561408	988
6.70277903	989
6.702810627	990
6.703823684	991
6.703940399	992
6.7050101	993
6.705439112	994
6.705598706	995
6.705875426	996
6.706490218	997
6.707131305	998
6.708230297	999
6.708514476	1000
6.708651845	1001
6.708987742	1002
6.70975623	1003
6.710836956	1004
6.711399227	1005
6.711834426	1006
6.712482953	1007
6.713297513	1008
6.713610412	1009
6.713983941	1010
6.714110764	1011
6.714179219	1012
6.714761449	1013
6.714940092	1014
6.715417506	1015
6.715611635	1016
6.715943243	1017
6.71605874	1018
6.71628388	1019
6.716650154	1020
6.717420184	1021
6.718263576	1022
6.71829856	1023
6.718635924	1024
6.719024956	1025
6.720504925	1026
6.722378092	1027
6.723334714	1028
6.72381924	1029
6.724733153	1030
6.725333669	1031
6.725575464	1032
6.725794315	1033
6.726475456	1034
6.728477234	1035
6.728809738	1036
6.729031145	1037
6.730578361	1038
6.730588217	1039
6.731791204	1040
6.732030273	1041
6.732515885	1042
6.732773375	1043
6.733000988	1044
6.733622239	1045
6.733704615	1046
6.733759027	1047
6.733831535	1048
6.734117903	1049
6.73413573	1050
6.735305022	1051
6.735510558	1052
6.735599973	1053
6.735640505	1054
6.736541409	1055
6.73677226	1056
6.736813359	1057
6.737344899	1058
6.73862905	1059
6.738744358	1060
6.739003422	1061
6.739019441	1062
6.739343595	1063
6.740284047	1064
6.740384308	1065
6.742476618	1066
6.742562587	1067
6.743225896	1068
6.743263637	1069
6.744080188	1070
6.745504447	1071
6.745784216	1072
6.745847282	1073
6.746220917	1074
6.746835404	1075
6.747040501	1076
6.749104681	1077
6.749406334	1078
6.749417622	1079
6.749549337	1080
6.749826625	1081
6.75023451	1082
6.750743411	1083
6.750859651	1084
6.751748919	1085
6.751791132	1086
6.751791409	1087
6.753075768	1088
6.753563658	1089
6.753595688	1090
6.753596281	1091
6.75359671	1092
6.754811179	1093
6.755073895	1094
6.755467186	1095
6.755664882	1096
6.755727528	1097
6.755849997	1098
6.756080135	1099
6.756336269	1100
6.756663018	1101
6.75674739	1102
6.756924122	1103
6.757007493	1104
6.757515087	1105
6.757900608	1106
6.75796043	1107
6.758712697	1108
6.759531468	1109
6.759608481	1110
6.759629358	1111
6.760108122	1112
6.760161047	1113
6.760296178	1114
6.760638503	1115
6.760641764	1116
6.760707854	1117
6.760753025	1118
6.760922907	1119
6.761080401	1120
6.761098479	1121
6.761736049	1122
6.761813859	1123
6.762168215	1124
6.762415845	1125
6.762661586	1126
6.762681299	1127
6.762942646	1128
6.762943629	1129
6.762957849	1130
6.76331113	1131
6.763317412	1132
6.763367958	1133
6.763960347	1134
6.763966617	1135
6.763991973	1136
6.764023491	1137
6.764038492	1138
6.764102909	1139
6.764308525	1140
6.764392427	1141
6.764648856	1142
6.764718284	1143
6.765489502	1144
6.765574736	1145
6.765743899	1146
6.765767924	1147
6.766081791	1148
6.766228013	1149
6.766247176	1150
6.76637793	1151
6.766570451	1152
6.766613209	1153
6.767452337	1154
6.767782351	1155
6.767848248	1156
6.767958353	1157
6.768279282	1158
6.768715269	1159
6.769276983	1160
6.769331642	1161
6.769842937	1162
6.769988348	1163
6.770402287	1164
6.770673297	1165
6.770705727	1166
6.770821097	1167
6.77093984	1168
6.771519304	1169
6.772227895	1170
6.772229431	1171
6.772487183	1172
6.773514274	1173
6.773701238	1174
6.774092198	1175
6.774204075	1176
6.774702728	1177
6.774717349	1178
6.774868953	1179
6.77497925	1180
6.775040372	1181
6.775055264	1182
6.775269207	1183
6.775332683	1184
6.775352589	1185
6.775509308	1186
6.775719853	1187
6.775849478	1188
6.776186525	1189
6.776195277	1190
6.776213	1191
6.776284531	1192
6.77662098	1193
6.776668435	1194
6.777078145	1195
6.777917028	1196
6.778185621	1197
6.778509488	1198
6.77868762	1199
6.779053952	1200
6.779106164	1201
6.779114012	1202
6.779162358	1203
6.780024991	1204
6.780429312	1205
6.780446322	1206
6.781710414	1207
6.781815494	1208
6.781883691	1209
6.781902367	1210
6.781966574	1211
6.781971616	1212
6.782096035	1213
6.78246037	1214
6.782575127	1215
6.782770173	1216
6.782853314	1217
6.783093157	1218
6.783232926	1219
6.783323942	1220
6.783332495	1221
6.783362927	1222
6.783467778	1223
6.783483216	1224
6.783594378	1225
6.78364985	1226
6.783928663	1227
6.784207149	1228
6.784296415	1229
6.784466383	1230
6.784581364	1231
6.784925198	1232
6.78502002	1233
6.785088392	1234
6.785697971	1235
6.785699055	1236
6.785707192	1237
6.785910665	1238
6.786149343	1239
6.786216442	1240
6.786617423	1241
6.78688763	1242
6.787080054	1243
6.787401971	1244
6.787800112	1245
6.788167996	1246
6.788276821	1247
6.788961534	1248
6.789093637	1249
6.789278222	1250
6.789563511	1251
6.789667956	1252
6.790019824	1253
6.79042856	1254
6.790468445	1255
6.791133483	1256
6.791799154	1257
6.791835381	1258
6.791890056	1259
6.79263309	1260
6.792640976	1261
6.792651357	1262
6.792764863	1263
6.792997277	1264
6.793115084	1265
6.793409789	1266
6.793416758	1267
6.793495601	1268
6.793721496	1269
6.793784912	1270
6.793939219	1271
6.793979286	1272
6.794092239	1273
6.794318102	1274
6.794417432	1275
6.79498233	1276
6.79519069	1277
6.795201885	1278
6.795316029	1279
6.795511269	1280
6.795723821	1281
6.796173604	1282
6.796236355	1283
6.796278504	1284
6.796327585	1285
6.796858942	1286
6.797003294	1287
6.797086261	1288
6.79757484	1289
6.798316813	1290
6.798420797	1291
6.79845521	1292
6.799031118	1293
6.799350387	1294
6.79942871	1295
6.799457963	1296
6.799729733	1297
6.799949128	1298
6.799977095	1299
6.800026647	1300
6.80015344	1301
6.800386052	1302
6.800398143	1303
6.800463612	1304
6.800594558	1305
6.801001506	1306
6.801159148	1307
6.801168937	1308
6.801495626	1309
6.80181901	1310
6.801964252	1311
6.802360184	1312
6.802446832	1313
6.802612536	1314
6.802701517	1315
6.802756245	1316
6.802793503	1317
6.802918321	1318
6.802993883	1319
6.803057926	1320
6.803151463	1321
6.803595566	1322
6.803596094	1323
6.803617384	1324
6.803667989	1325
6.803919868	1326
6.804539152	1327
6.804579443	1328
6.805233078	1329
6.805425697	1330
6.805430738	1331
6.805496652	1332
6.805648585	1333
6.80595162	1334
6.806322082	1335
6.806396049	1336
6.806474552	1337
6.80648644	1338
6.806757669	1339
6.807007792	1340
6.807105878	1341
6.807265374	1342
6.807326501	1343
6.807985683	1344
6.808254595	1345
6.808667432	1346
6.809194677	1347
6.809376821	1348
6.809428059	1349
6.810088195	1350
6.810267006	1351
6.810466296	1352
6.810573355	1353
6.810766316	1354
6.810867025	1355
6.810991092	1356
6.811111762	1357
6.811268449	1358
6.811360978	1359
6.811955798	1360
6.813236229	1361
6.813424265	1362
6.813610842	1363
6.813702054	1364
6.814116765	1365
6.81415055	1366
6.814269247	1367
6.814789416	1368
6.814990041	1369
6.815070982	1370
6.815244331	1371
6.815318946	1372
6.816020181	1373
6.816261589	1374
6.816690561	1375
6.818090496	1376
6.818514496	1377
6.81884081	1378
6.819726051	1379
6.820953082	1380
6.821308195	1381
6.821352306	1382
6.821381037	1383
6.821458929	1384
6.821816167	1385
6.822142146	1386
6.822511995	1387
6.823025432	1388
6.82319557	1389
6.823400596	1390
6.823699834	1391
6.823910706	1392
6.823998213	1393
6.824296287	1394
6.825139745	1395
6.826571514	1396
6.827061673	1397
6.827258605	1398
6.827323274	1399
6.829374561	1400
6.829624747	1401
6.830123473	1402
6.830252345	1403
6.83058394	1404
6.830593605	1405
6.831988084	1406
6.832866842	1407
6.832943314	1408
6.833476265	1409
6.834950667	1410
6.835211058	1411
6.835768686	1412
6.836571629	1413
6.837418719	1414
6.837567904	1415
6.83974273	1416
6.839751924	1417
6.84054951	1418
6.841219691	1419
6.841809997	1420
6.84480574	1421
6.845078882	1422
6.846591681	1423
6.847332798	1424
6.847333179	1425
6.84841941	1426
6.849280214	1427
6.850131455	1428
6.851141319	1429
6.853726391	1430
6.854488725	1431
6.854808717	1432
6.855267433	1433
6.856583466	1434
6.857009132	1435
6.857332168	1436
6.858841666	1437
6.863043434	1438
6.866654258	1439
6.876095583	1440
6.881938248	1441
6.88258878	1442
6.886834245	1443
6.891330778	1444
6.893970859	1445
6.902813801	1446
6.905488445	1447
6.907355069	1448
6.907420409	1449
6.909536968	1450
6.910194943	1451
6.913274256	1452
6.913291074	1453
6.915639154	1454
6.915984859	1455
6.917117391	1456
6.917267648	1457
6.917704483	1458
6.919247538	1459
6.923904952	1460
6.924008594	1461
6.926109044	1462
6.930757107	1463
6.934007723	1464
6.937139695	1465
6.937517485	1466
6.937870283	1467
6.940671275	1468
6.941020447	1469
6.941736752	1470
6.943224683	1471
6.951690321	1472
6.95276968	1473
6.954973404	1474
6.958271283	1475
6.959130356	1476
6.959540055	1477
6.963268685	1478
6.965544872	1479
6.96562099	1480
6.967054386	1481
6.968228898	1482
6.969675234	1483
6.96991687	1484
6.974605034	1485
6.974634486	1486
6.979508965	1487
6.980515093	1488
6.983403383	1489
6.984343475	1490
6.986812262	1491
6.986826314	1492
6.989987028	1493
6.994620653	1494
6.998944586	1495
7.000771302	1496
7.002922677	1497
7.009096962	1498
7.009527496	1499
7.011285381	1500
7.011861621	1501
7.013742389	1502
7.014373697	1503
7.01476058	1504
7.015625195	1505
7.018534137	1506
7.019864899	1507
7.020737385	1508
7.024267107	1509
7.024882684	1510
7.025171156	1511
7.025959723	1512
7.027864625	1513
7.028542303	1514
7.031609862	1515
7.033032475	1516
7.034084661	1517
7.036910912	1518
7.037529281	1519
7.042491177	1520
7.042746215	1521
7.042992479	1522
7.043647093	1523
7.046300773	1524
7.049905767	1525
7.052795292	1526
7.062263996	1527
7.064868502	1528
7.065111909	1529
7.065461615	1530
7.065710941	1531
7.067012008	1532
7.068200221	1533
7.073351331	1534
7.073792886	1535
7.075188282	1536
7.07745237	1537
7.077598082	1538
7.077967498	1539
7.078247244	1540
7.078521859	1541
7.079194775	1542
7.081360556	1543
7.08185929	1544
7.082218321	1545
7.083253718	1546
7.083396375	1547
7.089349413	1548
7.091065153	1549
7.091496908	1550
7.094998186	1551
7.095018599	1552
7.09503168	1553
7.096269943	1554
7.098157196	1555
7.09910676	1556
7.100351409	1557
7.100672188	1558
7.101232778	1559
7.102215106	1560
7.10445491	1561
7.107661853	1562
7.109149075	1563
7.112490693	1564
7.112560631	1565
7.112954484	1566
7.114800425	1567
7.115714442	1568
7.116383267	1569
7.116902144	1570
7.11792588	1571
7.118467661	1572
7.119160635	1573
7.12069947	1574
7.120730253	1575
7.120932885	1576
7.122247099	1577
7.122761497	1578
7.123536269	1579
7.124168242	1580
7.125356575	1581
7.125848225	1582
7.12715365	1583
7.128744677	1584
7.132638777	1585
7.133059178	1586
7.134652544	1587
7.134980441	1588
7.136959769	1589
7.137754695	1590
7.138827645	1591
7.13912693	1592
7.139758704	1593
7.141628611	1594
7.142101477	1595
7.143262	1596
7.143863804	1597
7.147413693	1598
7.150201481	1599
7.153703742	1600
7.154971123	1601
7.156185558	1602
7.160735489	1603
7.161433121	1604
7.161492522	1605
7.16592823	1606
7.168534463	1607
7.168594995	1608
7.172562514	1609
7.173539406	1610
7.176405496	1611
7.177646876	1612
7.179545706	1613
7.185820138	1614
7.186229599	1615
7.186312084	1616
7.186526535	1617
7.187710476	1618
7.188791862	1619
7.191009702	1620
7.193427105	1621
7.195171474	1622
7.19542889	1623
7.195895576	1624
7.199347021	1625
7.19970431	1626
7.202354528	1627
7.203935932	1628
7.204161593	1629
7.205307568	1630
7.206702568	1631
7.207104158	1632
7.207649319	1633
7.20795202	1634
7.208849389	1635
7.214083416	1636
7.214680216	1637
7.215601577	1638
7.216585178	1639
7.219363459	1640
7.221066937	1641
7.221139377	1642
7.225784275	1643
7.225868828	1644
7.227060058	1645
7.229688882	1646
7.239429223	1647
7.239966823	1648
7.24051298	1649
7.240903455	1650
7.241542597	1651
7.245007079	1652
7.245896717	1653
7.24844866	1654
7.248815357	1655
7.249947143	1656
7.25114015	1657
7.255106911	1658
7.258856563	1659
7.259926573	1660
7.25999901	1661
7.264169267	1662
7.270437008	1663
7.274930296	1664
7.28316232	1665
7.283191259	1666
7.284993827	1667
7.287192126	1668
7.289227678	1669
7.294261845	1670
7.296363893	1671
7.296917359	1672
7.299206821	1673
7.300705479	1674
7.30411887	1675
7.306875209	1676
7.309377499	1677
7.309898641	1678
7.310197679	1679
7.312860061	1680
7.314107708	1681
7.32110702	1682
7.326174873	1683
7.327194032	1684
7.327830847	1685
7.329123848	1686
7.33043172	1687
7.330900396	1688
7.331029826	1689
7.331551383	1690
7.331775802	1691
7.345389279	1692
7.346096905	1693
7.346416155	1694
7.354552432	1695
7.358335807	1696
7.358697088	1697
7.367595647	1698
7.367913326	1699
7.369776744	1700
7.372844419	1701
7.373683603	1702
7.375211438	1703
7.37602623	1704
7.38201204	1705
7.383453549	1706
7.388334708	1707
7.388612263	1708
7.390399317	1709
7.391067588	1710
7.394845734	1711
7.396169827	1712
7.396707859	1713
7.400285045	1714
7.401078085	1715
7.402820398	1716
7.404203001	1717
7.406810428	1718
7.415592661	1719
7.415782371	1720
7.418876361	1721
7.421798074	1722
7.422051989	1723
7.424889511	1724
7.425211624	1725
7.426327463	1726
7.428993781	1727
7.429419737	1728
7.431220147	1729
7.432664793	1730
7.433704955	1731
7.434266077	1732
7.434975731	1733
7.435580291	1734
7.435808567	1735
7.439059443	1736
7.439257776	1737
7.443087411	1738
7.443230632	1739
7.44378019	1740
7.445840176	1741
7.446509256	1742
7.44734693	1743
7.447362454	1744
7.450620357	1745
7.451053037	1746
7.45200287	1747
7.45252282	1748
7.454930445	1749
7.461209667	1750
7.461778851	1751
7.462064674	1752
7.46440916	1753
7.46458153	1754
7.466151681	1755
7.466884878	1756
7.46694793	1757
7.468855905	1758
7.472860449	1759
7.473338304	1760
7.473410397	1761
7.474517513	1762
7.474756366	1763
7.474795435	1764
7.477979939	1765
7.478792064	1766
7.480034765	1767
7.480051598	1768
7.48143307	1769
7.482005895	1770
7.483416412	1771
7.484389536	1772
7.485017249	1773
7.486785234	1774
7.48952438	1775
7.49040611	1776
7.490591528	1777
7.490727711	1778
7.491422929	1779
7.49800012	1780
7.499785317	1781
7.500134833	1782
7.502703906	1783
7.507518967	1784
7.507856837	1785
7.508519073	1786
7.508755916	1787
7.50886515	1788
7.509829944	1789
7.510756584	1790
7.512117776	1791
7.513456559	1792
7.52122985	1793
7.526880172	1794
7.528302558	1795
7.531257446	1796
7.535999115	1797
7.536246407	1798
7.536471499	1799
7.539177214	1800
7.539751494	1801
7.551083464	1802
7.551404071	1803
7.552020566	1804
7.556396212	1805
7.558707214	1806
7.55970821	1807
7.561795223	1808
7.580009461	1809
7.581736802	1810
7.582013238	1811
7.583638394	1812
7.585410405	1813
7.592451413	1814
7.593897082	1815
7.594701602	1816
7.597282416	1817
7.600548592	1818
7.600940224	1819
7.601982971	1820
7.602657365	1821
7.607320837	1822
7.607925366	1823
7.609800149	1824
7.613685725	1825
7.614506001	1826
7.616102984	1827
7.620845967	1828
7.621501502	1829
7.62217497	1830
7.625060374	1831
7.626294268	1832
7.633520584	1833
7.635779419	1834
7.639254245	1835
7.640923073	1836
7.641271316	1837
7.645033479	1838
7.64796927	1839
7.652725431	1840
7.659161351	1841
7.660714557	1842
7.662617161	1843
7.663426503	1844
7.666389739	1845
7.674209377	1846
7.677699506	1847
7.68264302	1848
7.686480631	1849
7.686858139	1850
7.688895588	1851
7.689527114	1852
7.691456297	1853
7.696539046	1854
7.701045637	1855
7.702513427	1856
7.702828969	1857
7.706884573	1858
7.713574791	1859
7.714895636	1860
7.715511954	1861
7.717775678	1862
7.721141741	1863
7.72248479	1864
7.728287809	1865
7.728516732	1866
7.728671777	1867
7.728811406	1868
7.73369727	1869
7.739814927	1870
7.740191667	1871
7.742168602	1872
7.742818796	1873
7.745808716	1874
7.746536397	1875
7.748126942	1876
7.748505151	1877
7.751949965	1878
7.753233931	1879
7.755741899	1880
7.758308904	1881
7.758611476	1882
7.759138467	1883
7.759655935	1884
7.759827197	1885
7.759984534	1886
7.76028656	1887
7.760369769	1888
7.761067199	1889
7.761273929	1890
7.761716329	1891
7.762727972	1892
7.763433036	1893
7.763465767	1894
7.766619591	1895
7.770938673	1896
7.771213632	1897
7.771817502	1898
7.772977792	1899
7.773072563	1900
7.774732527	1901
7.77740936	1902
7.779686377	1903
7.780036701	1904
7.78006857	1905
7.783060665	1906
7.784504723	1907
7.785250364	1908
7.790343616	1909
7.792800962	1910
7.793329863	1911
7.803106263	1912
7.803893212	1913
7.806353649	1914
7.8071657	1915
7.810126642	1916
7.81282	1917
7.818410899	1918
7.822336002	1919
7.826698391	1920
7.827053302	1921
7.827940698	1922
7.829538328	1923
7.831760191	1924
7.831777937	1925
7.832334947	1926
7.839211405	1927
7.841903474	1928
7.845009464	1929
7.846396341	1930
7.84939534	1931
7.851251357	1932
7.852218059	1933
7.854682422	1934
7.856999974	1935
7.864059303	1936
7.869532404	1937
7.878656587	1938
7.880531182	1939
7.883592926	1940
7.890597583	1941
7.891497507	1942
7.897251399	1943
7.897816745	1944
7.901332609	1945
7.901760501	1946
7.908612445	1947
7.909581802	1948
7.91168044	1949
7.915855352	1950
7.917782543	1951
7.91841874	1952
7.931444982	1953
7.936829424	1954
7.938304184	1955
7.94429047	1956
7.950281253	1957
7.951221354	1958
7.956854325	1959
7.957384209	1960
7.959077495	1961
7.961532954	1962
7.965962537	1963
7.967232148	1964
7.973977134	1965
7.985464943	1966
7.986031793	1967
7.992929847	1968
8.008059726	1969
8.012553026	1970
8.024557056	1971
8.028249293	1972
8.034901971	1973
8.037822547	1974
8.039808118	1975
8.055179673	1976
8.071769286	1977
8.075419539	1978
8.07549638	1979
8.077345163	1980
8.085821743	1981
8.086448476	1982
8.090098849	1983
8.091260599	1984
8.091678155	1985
8.098639779	1986
8.107189121	1987
8.107833822	1988
8.114168822	1989
8.114208262	1990
8.12042784	1991
8.124593535	1992
8.129352995	1993
8.131068993	1994
8.136246885	1995
8.136394891	1996
8.136436164	1997
8.138836094	1998
8.140759854	1999
8.145640444	2000
8.149448914	2001
8.15526457	2002
8.167941325	2003
8.172823278	2004
8.177704005	2005
8.192777713	2006
8.194888701	2007
8.196442557	2008
8.198738843	2009
8.201882968	2010
8.205239938	2011
8.205558203	2012
8.206949016	2013
8.212069992	2014
8.212824995	2015
8.223345056	2016
8.237250303	2017
8.242243228	2018
8.245520903	2019
8.253602907	2020
8.25638151	2021
8.257573101	2022
8.258307651	2023
8.268058311	2024
8.280701701	2025
8.28100652	2026
8.281178892	2027
8.286986988	2028
8.291041268	2029
8.2925276	2030
8.293260835	2031
8.298103823	2032
8.298915144	2033
8.30013444	2034
8.310428597	2035
8.311640471	2036
8.311821089	2037
8.315747911	2038
8.335037878	2039
8.337452228	2040
8.348380092	2041
8.353175262	2042
8.35334173	2043
8.355265765	2044
8.358045077	2045
8.358836905	2046
8.361687939	2047
8.382330323	2048
8.390199867	2049
8.394384962	2050
8.395096219	2051
8.397642096	2052
8.399443851	2053
8.411581184	2054
8.41596	2055
8.419686112	2056
8.421905558	2057
8.429483501	2058
8.449894799	2059
8.450312617	2060
8.454816497	2061
8.466521181	2062
8.466999287	2063
8.491309268	2064
8.493716495	2065
8.499141054	2066
8.50842943	2067
8.521822848	2068
8.525627796	2069
8.530366708	2070
8.546012167	2071
8.555977695	2072
8.579122639	2073
8.598553115	2074
8.601480212	2075
8.618308071	2076
8.640700919	2077
8.645037582	2078
8.649264763	2079
8.656994082	2080
8.659061342	2081
8.659097492	2082
8.661118204	2083
8.677208974	2084
8.68756161	2085
8.698655495	2086
8.7323157	2087
8.736178863	2088
8.761919973	2089
8.768757371	2090
8.772124607	2091
8.781685858	2092
8.795873925	2093
8.809541591	2094
8.816042327	2095
8.827974484	2096
8.857734425	2097
8.879865223	2098
8.914986337	2099
8.919697907	2100
8.967216801	2101
8.985231963	2102
9.109313074	2103
9.268058391	2104
9.295205421	2105
9.317465301	2106
9.42658049	2107
9.428737164	2108
9.430335465	2109
9.445879484	2110
9.498580666	2111
9.618710355	2112
9.714425719	2113
9.725834025	2114
9.7395448	2115
9.750424101	2116
9.778871228	2117
9.798509489	2118
9.851067156	2119
9.852713835	2120
9.868991664	2121
9.872232738	2122
9.884338077	2123
9.884710933	2124
9.911236853	2125
9.916369217	2126
9.94150735	2127
9.942873867	2128
9.94532199	2129
9.955091007	2130
9.9675819	2131
9.986754147	2132
9.995629501	2133
9.99670257	2134
10.026302899	2135
10.047946666	2136
10.048275539	2137
10.053672701	2138
10.05457055	2139
10.08521762	2140
10.096440326	2141
10.112399324	2142
10.125159201	2143
10.14188385	2144
10.165548362	2145
10.169911268	2146
10.206672346	2147
10.25732745	2148
10.258914285	2149
10.307475523	2150
10.334910186	2151
10.361676371	2152
10.380780713	2153
10.384053392	2154
10.386194905	2155
10.392208705	2156
10.406017995	2157
10.415601962	2158
10.416389649	2159
10.418235158	2160
10.41834554	2161
10.418384566	2162
10.431800586	2163
10.433570515	2164
10.437197846	2165
10.437318065	2166
10.438834878	2167
10.440325248	2168
10.443561992	2169
10.460455561	2170
10.460853	2171
10.477342614	2172
10.480493805	2173
10.487932632	2174
10.506575785	2175
10.579307445	2176
10.669744622	2177
10.674255684	2178
10.677041679	2179
10.683249143	2180
10.686615197	2181
10.690344668	2182
10.695896159	2183
10.696873268	2184
10.698905313	2185
10.706631034	2186
10.709164752	2187
10.710717582	2188
10.713600855	2189
10.718751186	2190
10.727385797	2191
10.732644452	2192
10.738938271	2193
10.741126052	2194
10.743475177	2195
10.747187225	2196
10.75156427	2197
10.760191998	2198
10.766466128	2199
10.768034804	2200
10.783591882	2201
10.828003702	2202
10.831493948	2203
10.835730832	2204
10.836396366	2205
10.901733147	2206
10.932168616	2207
10.942004525	2208
10.952424862	2209
10.961937799	2210
10.975153993	2211
10.97850165	2212
10.991664412	2213
10.996834512	2214
10.999653016	2215
10.999755093	2216
11.012940514	2217
11.013272121	2218
11.018148355	2219
11.03516661	2220
11.035206639	2221
11.051660577	2222
11.054230739	2223
11.066214014	2224
11.077405929	2225
11.07942384	2226
11.094554138	2227
11.102615511	2228
11.10280912	2229
11.105302704	2230
11.189506805	2231
11.244605305	2232
11.273814329	2233
11.283534031	2234
11.315725589	2235
11.324436263	2236
11.382171442	2237
11.38564974	2238
11.414187866	2239
11.459821992	2240
11.548100061	2241
11.674563593	2242
11.700095385	2243
11.700153803	2244
11.742180932	2245
11.745255429	2246
11.749306117	2247
11.829299793	2248
11.872019281	2249
11.928773159	2250
11.944314335	2251
12.196971967	2252
12.358059819	2253
12.445692296	2254
12.490256423	2255
12.585049516	2256
12.641390305	2257
12.643857644	2258
12.644806113	2259
12.657869952	2260
12.686285535	2261
12.705339422	2262
12.709824895	2263
12.724052721	2264
12.752685574	2265
12.855047816	2266
12.877904069	2267
13.018076709	2268
13.037995962	2269
13.05897306	2270
13.102020402	2271
13.130555685	2272
13.156066348	2273
13.169934778	2274
13.232544926	2275
13.34187736	2276
13.562873695	2277
13.59834018	2278
13.644539761	2279
13.664679336	2280
13.70664114	2281
13.77116886	2282
13.954449879	2283
14.012713446	2284
14.079513202	2285
14.283694219	2286
14.414730751	2287
14.435979874	2288
14.542683496	2289
14.600140938	2290
14.600805565	2291
14.635262754	2292
14.638829598	2293
14.657667483	2294
14.683851852	2295
14.697099324	2296
14.705080773	2297
14.728163684	2298
14.733026327	2299
14.742254098	2300
14.74774994	2301
14.81548078	2302
14.841813786	2303
14.877686898	2304
14.990882904	2305
14.9946683	2306
15.065365511	2307
15.157077889	2308
15.296845736	2309
15.30442902	2310
15.311858293	2311
15.31731747	2312
15.332521329	2313
15.33298053	2314
15.411964594	2315
15.428472683	2316
15.453511586	2317
15.469213085	2318
15.507358256	2319
15.549632088	2320
15.559219199	2321
15.564940751	2322
15.573555572	2323
15.584538205	2324
15.60760922	2325
15.638187102	2326
15.651505406	2327
15.652846193	2328
15.655547994	2329
15.669767946	2330
15.676608974	2331
15.710167227	2332
15.748194175	2333
15.756970593	2334
15.76360112	2335
15.849197582	2336
15.8528731	2337
15.873661589	2338
15.966644721	2339
15.999468423	2340
16.014987459	2341
16.040943699	2342
16.053602311	2343
16.105900524	2344
16.128542077	2345
16.131243732	2346
16.134886029	2347
16.173742596	2348
16.196918032	2349
16.219289932	2350
16.235571722	2351
16.262359771	2352
16.270591676	2353
16.286084958	2354
16.313327368	2355
16.321585077	2356
16.385943328	2357
16.436689559	2358
16.473340493	2359
16.510271042	2360
16.529640395	2361
16.56303047	2362
16.634293838	2363
16.718935496	2364
16.72171494	2365
16.729653087	2366
16.757145256	2367
16.781964913	2368
16.815446969	2369
16.818541932	2370
16.835252109	2371
16.85482122	2372
16.857534122	2373
16.882561606	2374
16.890742356	2375
16.930912357	2376
16.947491565	2377
17.035263582	2378
17.05478096	2379
17.085115211	2380
17.10947236	2381
17.168569297	2382
17.208190692	2383
17.241863235	2384
17.293466693	2385
17.351630977	2386
17.362842436	2387
17.45270971	2388
17.471410233	2389
17.487062552	2390
17.540872642	2391
17.54314947	2392
17.557022857	2393
17.604508188	2394
17.622726687	2395
17.687627042	2396
17.759378999	2397
17.84145578	2398
17.865568276	2399
17.903120074	2400
17.996708889	2401
18.098032915	2402
18.157791073	2403
18.245008725	2404
18.248293361	2405
18.290346431	2406
18.403967959	2407
18.49586547	2408
18.513247238	2409
18.514929371	2410
18.546472249	2411
18.550365582	2412
18.588672634	2413
18.594181073	2414
18.658018552	2415
18.667112999	2416
18.684273397	2417
19.054246338	2418
19.082102909	2419
19.304423916	2420
19.527244798	2421
19.536403116	2422
19.615899843	2423
19.726744602	2424
19.917850903	2425
20.280131595	2426
20.574431292	2427
20.596773197	2428
20.644511672	2429
20.87033467	2430
20.921605239	2431
21.14951244	2432
21.169906211	2433
21.177710269	2434
21.21700246	2435
21.408186604	2436
21.713617717	2437
21.743395326	2438
21.897754539	2439
21.933803606	2440
22.12086309	2441
22.196843674	2442
22.432334732	2443
22.516357358	2444
22.874791591	2445
23.025772436	2446
23.302481213	2447
23.38536322	2448
23.424782486	2449
23.433940625	2450
24.091909543	2451
24.449368743	2452
24.729962086	2453
25.083933519	2454
25.536580039	2455
25.563546966	2456
26.642986208	2457
26.775082757	2458
27.705900954	2459
28.753421465	2460
29.168687645	2461
29.494139052	2462
29.678685064	2463
29.729576593	2464
30.121532006	2465
31.037279323	2466
31.037727708	2467
31.160857801	2468
31.791326561	2469
31.980082898	2470
32.961489015	2471
34.266006388	2472
34.389583607	2473
35.590714552	2474
36.307948933	2475
36.352407695	2476
36.733661905	2477
37.311399486	2478
37.730966447	2479
37.764612441	2480
38.295155256	2481
38.547297736	2482
40.70677725	2483
42.132246855	2484
42.662843068	2485
44.788580528	2486
48.538416496	2487
48.730364277	2488
48.80926394	2489
48.988492733	2490
50.425470613	2491
50.444826001	2492
52.471772778	2493
53.897537024	2494
55.315178208	2495
56.118522718	2496
57.890462022	2497
57.989285016	2498
58.537423199	2499
59.84971925	2500
60.378326335	2501
60.765089254	2502
65.373178998	2503
66.432223877	2504
66.722683451	2505
67.376959319	2506
68.552918554	2507
70.305504983	2508
70.33836269	2509
72.863503097	2510
77.342787729	2511
78.545362754	2512
80.07507244	2513
80.465939019	2514
80.838712307	2515
82.278101485	2516
82.79933475	2517
84.600742461	2518
89.718819395	2519
95.481273487	2520
96.348142895	2521
96.806149403	2522
98.148440066	2523
98.718187671	2524
99.065894337	2525
101.06557886	2526
101.235523478	2527
102.107645611	2528
104.158645	2529
104.847568945	2530
105.50431642	2531
106.339673361	2532
106.583284409	2533
108.091762983	2534
109.432881165	2535
116.232523719	2536
117.547636594	2537
117.75269861	2538
118.072534259	2539
118.279021131	2540
120.971527951	2541
121.200211691	2542
124.818377523	2543
