6.218738866	1
6.232294099	2
6.233592967	3
6.233794844	4
6.236256752	5
6.237803455	6
6.238665846	7
6.238775528	8
6.241685157	9
6.246991731	10
6.247607428	11
6.248799835	12
6.250856084	13
6.251444884	14
6.252918691	15
6.257503485	16
6.25850704	17
6.258786042	18
6.25885163	19
6.259616559	20
6.260787826	21
6.261373322	22
6.262033611	23
6.262284795	24
6.262751339	25
6.263085817	26
6.264131804	27
6.264209615	28
6.265262902	29
6.265282981	30
6.265469136	31
6.266545506	32
6.268785818	33
6.269635104	34
6.26998566	35
6.271603291	36
6.271653524	37
6.272156171	38
6.272157513	39
6.272288138	40
6.272518388	41
6.272798686	42
6.273668326	43
6.274980086	44
6.276340909	45
6.276374241	46
6.277159454	47
6.277454275	48
6.278150621	49
6.278872896	50
6.2795267	51
6.280750488	52
6.281530249	53
6.282161538	54
6.282974212	55
6.283272104	56
6.283894575	57
6.284062447	58
6.284346537	59
6.284391735	60
6.285195165	61
6.285287862	62
6.285353741	63
6.285454049	64
6.286129784	65
6.286253281	66
6.287154099	67
6.287174241	68
6.287597857	69
6.287887448	70
6.287945219	71
6.288004116	72
6.288343076	73
6.28847218	74
6.288781852	75
6.289667226	76
6.289948214	77
6.291026055	78
6.291102222	79
6.292231988	80
6.292883543	81
6.29310432	82
6.293227151	83
6.293320074	84
6.293518472	85
6.294447612	86
6.294711362	87
6.294830503	88
6.2949841	89
6.295301254	90
6.295500856	91
6.296089559	92
6.29796892	93
6.298721722	94
6.299360962	95
6.299740443	96
6.300820512	97
6.301229574	98
6.30152036	99
6.302133239	100
6.302147835	101
6.303948355	102
6.304313433	103
6.304528824	104
6.30511766	105
6.30662284	106
6.30669413	107
6.307290873	108
6.307542282	109
6.307816259	110
6.308888905	111
6.309231305	112
6.309378872	113
6.309977096	114
6.31025375	115
6.311600654	116
6.3117779	117
6.311848543	118
6.312628722	119
6.313317909	120
6.313588887	121
6.313679291	122
6.314919735	123
6.315613178	124
6.316677232	125
6.316864957	126
6.317127638	127
6.318008217	128
6.318016809	129
6.318622829	130
6.319770735	131
6.320520861	132
6.321221735	133
6.32180276	134
6.321841527	135
6.322103139	136
6.322336879	137
6.32361967	138
6.323851349	139
6.323944906	140
6.324177865	141
6.324976617	142
6.325480155	143
6.326609883	144
6.327368739	145
6.32779017	146
6.328728012	147
6.329539152	148
6.32995265	149
6.330529946	150
6.331032473	151
6.33135015	152
6.337077771	153
6.337794608	154
6.342816992	155
6.34669385	156
6.34947878	157
6.350673815	158
6.350909883	159
6.352030643	160
6.355805052	161
6.368888422	162
6.374868847	163
6.376331971	164
6.389669385	165
6.391580857	166
6.396663305	167
6.401581464	168
6.403285049	169
6.428203988	170
6.429017852	171
6.443338029	172
6.463234811	173
6.465597347	174
6.467189851	175
6.467993357	176
6.468261787	177
6.471927413	178
6.478123666	179
6.481558506	180
6.484916801	181
6.48878422	182
6.490128866	183
6.491955123	184
6.495932224	185
6.497375652	186
6.498232764	187
6.498948153	188
6.500135833	189
6.500855202	190
6.502870073	191
6.504609366	192
6.505171612	193
6.508243177	194
6.508935679	195
6.513242831	196
6.514587151	197
6.516988163	198
6.518210244	199
6.519000884	200
6.520607508	201
6.521984374	202
6.522217854	203
6.526624539	204
6.528639658	205
6.532247597	206
6.532878479	207
6.5333454	208
6.539862809	209
6.540712699	210
6.540825887	211
6.540868376	212
6.54097775	213
6.541960964	214
6.544389182	215
6.5447933	216
6.546254956	217
6.546462446	218
6.546558079	219
6.546988474	220
6.547560494	221
6.548778925	222
6.551092351	223
6.552319357	224
6.554410821	225
6.554725527	226
6.555248922	227
6.558897848	228
6.559486898	229
6.562077583	230
6.562088918	231
6.562309655	232
6.562561469	233
6.563169818	234
6.563535531	235
6.564703894	236
6.564972421	237
6.565353588	238
6.565376123	239
6.56664602	240
6.568212434	241
6.570506624	242
6.570598323	243
6.571091786	244
6.573902107	245
6.574235271	246
6.575427346	247
6.575744775	248
6.577642616	249
6.579147903	250
6.579583379	251
6.579611301	252
6.580320758	253
6.580644327	254
6.580910552	255
6.58200918	256
6.582389633	257
6.586008877	258
6.58644959	259
6.58756147	260
6.587727622	261
6.587829121	262
6.588414568	263
6.588697375	264
6.589940199	265
6.591128142	266
6.592570649	267
6.592817841	268
6.594755732	269
6.596123343	270
6.596645201	271
6.597890553	272
6.598388634	273
6.599327556	274
6.5997153	275
6.599724401	276
6.599860596	277
6.602125913	278
6.602673447	279
6.60277432	280
6.607905873	281
6.608986694	282
6.609195494	283
6.610406654	284
6.611535809	285
6.611716704	286
6.612272369	287
6.613508776	288
6.614078055	289
6.615585546	290
6.616276923	291
6.617473227	292
6.618964819	293
6.619745249	294
6.620359792	295
6.621052267	296
6.621810841	297
6.622363758	298
6.622398711	299
6.62486527	300
6.626720077	301
6.627286908	302
6.628321633	303
6.632190324	304
6.633326399	305
6.635393247	306
6.639258199	307
6.639564463	308
6.639665279	309
6.639819016	310
6.640215567	311
6.641797439	312
6.6419324	313
6.642438451	314
6.64346846	315
6.643724874	316
6.644800274	317
6.645138377	318
6.645194846	319
6.645349242	320
6.645577921	321
6.645702227	322
6.647978966	323
6.648402374	324
6.649749075	325
6.649972132	326
6.650400115	327
6.651328205	328
6.652164413	329
6.652678324	330
6.65455433	331
6.655588952	332
6.657097732	333
6.657259659	334
6.660038201	335
6.660697388	336
6.661578277	337
6.663243272	338
6.663666398	339
6.663668005	340
6.665865728	341
6.666876049	342
6.66691569	343
6.667585617	344
6.668860393	345
6.668908289	346
6.671135347	347
6.671287819	348
6.671361858	349
6.671515061	350
6.674788499	351
6.676922877	352
6.678481444	353
6.678494302	354
6.678985388	355
6.67947067	356
6.680500476	357
6.681233667	358
6.684139623	359
6.684410859	360
6.684566592	361
6.684731853	362
6.684835873	363
6.685575073	364
6.686677894	365
6.686900881	366
6.687048523	367
6.690073267	368
6.691536568	369
6.692800181	370
6.693445457	371
6.693772414	372
6.694272215	373
6.697420511	374
6.697587142	375
6.69762022	376
6.698127883	377
6.698423796	378
6.699143309	379
6.69984158	380
6.701655426	381
6.702560652	382
6.703284773	383
6.704112066	384
6.705154656	385
6.705667153	386
6.706456436	387
6.706947978	388
6.706996029	389
6.707214569	390
6.707726163	391
6.708292535	392
6.709285497	393
6.710231002	394
6.710755216	395
6.711549103	396
6.712276237	397
6.71239723	398
6.712836905	399
6.713220068	400
6.713989942	401
6.714226985	402
6.714337194	403
6.714557981	404
6.715773012	405
6.715777586	406
6.716598614	407
6.716774871	408
6.717082804	409
6.718794968	410
6.719265624	411
6.7198618	412
6.720619773	413
6.721679643	414
6.722226337	415
6.7223106	416
6.723282128	417
6.723742924	418
6.724024743	419
6.725730907	420
6.726454099	421
6.727365506	422
6.728075192	423
6.729685924	424
6.730470456	425
6.731522134	426
6.734601245	427
6.735193638	428
6.735207959	429
6.735791696	430
6.739787854	431
6.740792626	432
6.740928292	433
6.741699326	434
6.74193638	435
6.743976408	436
6.744838174	437
6.744874559	438
6.746015476	439
6.746882227	440
6.748176953	441
6.74825623	442
6.749121379	443
6.749230649	444
6.749260116	445
6.749699849	446
6.750137951	447
6.750874945	448
6.750894566	449
6.7510355	450
6.75212946	451
6.754424266	452
6.755019981	453
6.755178487	454
6.755282276	455
6.755504538	456
6.755525644	457
6.755557859	458
6.756064804	459
6.756648435	460
6.75681963	461
6.757916187	462
6.758379566	463
6.75856869	464
6.760375415	465
6.760519821	466
6.762248604	467
6.762604206	468
6.764194241	469
6.764474876	470
6.764587834	471
6.765272945	472
6.766496231	473
6.766918748	474
6.767556861	475
6.767660363	476
6.767687118	477
6.768050678	478
6.768067375	479
6.768472007	480
6.768486306	481
6.768523946	482
6.768610496	483
6.768935768	484
6.769043138	485
6.769622698	486
6.76967843	487
6.76980645	488
6.771103439	489
6.771779694	490
6.772624245	491
6.773182161	492
6.773481219	493
6.774140593	494
6.774243789	495
6.774363345	496
6.774451351	497
6.774485417	498
6.774586645	499
6.774642897	500
6.774907073	501
6.775660664	502
6.775824174	503
6.776289579	504
6.776318383	505
6.776967617	506
6.777078517	507
6.777420279	508
6.777984627	509
6.779130479	510
6.779262477	511
6.779443274	512
6.779591502	513
6.779893237	514
6.78001224	515
6.780226753	516
6.780383553	517
6.780859653	518
6.781001867	519
6.781266535	520
6.781303613	521
6.781378169	522
6.781689374	523
6.78175068	524
6.781804268	525
6.782144832	526
6.783023998	527
6.783169352	528
6.783175106	529
6.783366365	530
6.784000999	531
6.784557463	532
6.785319274	533
6.786805054	534
6.786810771	535
6.786817576	536
6.78699227	537
6.787416143	538
6.787418034	539
6.787447672	540
6.787636881	541
6.787743457	542
6.788533204	543
6.788831711	544
6.78903977	545
6.789112443	546
6.789281769	547
6.789312659	548
6.789320507	549
6.789777946	550
6.789836703	551
6.791023295	552
6.791643422	553
6.791909139	554
6.791935603	555
6.792348902	556
6.792367535	557
6.792378326	558
6.792481614	559
6.792601799	560
6.792675649	561
6.793275368	562
6.794059347	563
6.794814961	564
6.794902774	565
6.795118793	566
6.795199741	567
6.795235341	568
6.795462952	569
6.795535279	570
6.79613003	571
6.796538883	572
6.796771632	573
6.79685988	574
6.797012965	575
6.797075094	576
6.797123676	577
6.797836375	578
6.798374009	579
6.798480566	580
6.798692088	581
6.799645031	582
6.799717553	583
6.800379157	584
6.800647796	585
6.800911262	586
6.801144615	587
6.801514663	588
6.801794035	589
6.802032176	590
6.802184163	591
6.802332435	592
6.802346956	593
6.802449979	594
6.802736	595
6.802864999	596
6.802896738	597
6.803035796	598
6.80333117	599
6.803582591	600
6.803728868	601
6.803919751	602
6.804276615	603
6.804472078	604
6.80450043	605
6.804648526	606
6.804690429	607
6.805135409	608
6.805226925	609
6.805801713	610
6.806305895	611
6.806528842	612
6.806818936	613
6.80694165	614
6.807015065	615
6.807089758	616
6.808009394	617
6.808101313	618
6.808145392	619
6.808816009	620
6.808832887	621
6.808844146	622
6.809439052	623
6.809465244	624
6.8097154	625
6.809741239	626
6.81001045	627
6.810183878	628
6.810356393	629
6.811224522	630
6.811433706	631
6.811499236	632
6.811691987	633
6.812265425	634
6.812677915	635
6.812875932	636
6.81314123	637
6.813466041	638
6.813556383	639
6.813562018	640
6.813933108	641
6.814236887	642
6.814341601	643
6.814470049	644
6.814515555	645
6.814797733	646
6.814805921	647
6.815439882	648
6.81549833	649
6.816283053	650
6.816464166	651
6.816708192	652
6.817079528	653
6.817474927	654
6.817918777	655
6.817925519	656
6.818630595	657
6.819253389	658
6.819303764	659
6.820099014	660
6.820138919	661
6.820360472	662
6.820447055	663
6.820965585	664
6.821356943	665
6.822035774	666
6.822161371	667
6.822322124	668
6.822718338	669
6.822816339	670
6.82322705	671
6.823231086	672
6.82324933	673
6.823547435	674
6.823582485	675
6.823724989	676
6.823946702	677
6.823995099	678
6.824060885	679
6.824325508	680
6.825362974	681
6.82546651	682
6.825690917	683
6.826033625	684
6.826411582	685
6.82649607	686
6.826509685	687
6.826517283	688
6.826901276	689
6.827038498	690
6.827702042	691
6.827924635	692
6.828639785	693
6.829054162	694
6.829117883	695
6.829569147	696
6.829593351	697
6.829718502	698
6.829973352	699
6.830532414	700
6.830641091	701
6.830979622	702
6.83133823	703
6.831399093	704
6.831622088	705
6.831927311	706
6.832050217	707
6.832317166	708
6.832379065	709
6.832618403	710
6.832703255	711
6.832735077	712
6.832792772	713
6.833801717	714
6.834127959	715
6.834214565	716
6.834278834	717
6.834881105	718
6.83533511	719
6.835620956	720
6.835695954	721
6.83612432	722
6.836315658	723
6.836485096	724
6.837174776	725
6.837354704	726
6.837515538	727
6.837646718	728
6.83771866	729
6.838066531	730
6.838140382	731
6.838327322	732
6.838486811	733
6.838885001	734
6.839284558	735
6.839623306	736
6.839940323	737
6.840022601	738
6.840600388	739
6.840694749	740
6.840745846	741
6.840802234	742
6.841209917	743
6.841514656	744
6.841688771	745
6.841941906	746
6.842565093	747
6.843277703	748
6.844134406	749
6.845194945	750
6.845303063	751
6.846091921	752
6.846533574	753
6.847077125	754
6.847121993	755
6.848444489	756
6.848847731	757
6.849003653	758
6.849159511	759
6.849730149	760
6.849929255	761
6.849992436	762
6.850732192	763
6.851179965	764
6.851760081	765
6.852082223	766
6.852296319	767
6.852784211	768
6.853685772	769
6.8545005	770
6.854702461	771
6.855764779	772
6.856146586	773
6.856469938	774
6.857027927	775
6.857377153	776
6.858107435	777
6.85821454	778
6.858425116	779
6.858712641	780
6.859655222	781
6.860755358	782
6.86089183	783
6.861228265	784
6.862539026	785
6.863488716	786
6.863653569	787
6.863919702	788
6.864864722	789
6.865314697	790
6.866318069	791
6.867945465	792
6.868349	793
6.868936003	794
6.869101053	795
6.869170028	796
6.869760074	797
6.87087584	798
6.871324929	799
6.871350868	800
6.873657764	801
6.876619281	802
6.877523801	803
6.879057435	804
6.879745672	805
6.879823508	806
6.88315112	807
6.88621976	808
6.889929907	809
6.890438886	810
6.896545913	811
6.899511885	812
6.903976216	813
6.928823537	814
6.947825571	815
6.949850624	816
6.957248192	817
6.998673834	818
7.006623175	819
7.008937588	820
7.018035796	821
7.018552203	822
7.018769144	823
7.019890836	824
7.026655103	825
7.030065579	826
7.03143103	827
7.035012106	828
7.037069397	829
7.039404835	830
7.044586044	831
7.045898362	832
7.048745124	833
7.062393206	834
7.063816401	835
7.067899618	836
7.069173155	837
7.075497028	838
7.08303836	839
7.086842367	840
7.08753496	841
7.088934426	842
7.097123815	843
7.098138148	844
7.100796074	845
7.102988607	846
7.103121852	847
7.103667001	848
7.106944669	849
7.11492522	850
7.117746798	851
7.118841477	852
7.122636542	853
7.126519821	854
7.126771842	855
7.127497674	856
7.133706972	857
7.134438189	858
7.135762619	859
7.139859091	860
7.1413116	861
7.142175065	862
7.142734955	863
7.145831563	864
7.150964987	865
7.154324984	866
7.154726669	867
7.156811278	868
7.171614327	869
7.172211295	870
7.172613753	871
7.172634147	872
7.174549863	873
7.175379537	874
7.175786315	875
7.176282706	876
7.179041392	877
7.179770012	878
7.181412088	879
7.182789601	880
7.186530563	881
7.188147791	882
7.188937758	883
7.189471632	884
7.1952998	885
7.197769757	886
7.200526996	887
7.20311574	888
7.206110155	889
7.209413977	890
7.213553858	891
7.217033296	892
7.217208361	893
7.220861543	894
7.223212838	895
7.226475844	896
7.227649042	897
7.234780868	898
7.23487771	899
7.235582728	900
7.236484821	901
7.237465457	902
7.238085552	903
7.23919849	904
7.239656279	905
7.242890048	906
7.245212259	907
7.246868532	908
7.247582534	909
7.248034924	910
7.248406279	911
7.249551108	912
7.250732521	913
7.252160191	914
7.253117967	915
7.253355039	916
7.255517438	917
7.256810635	918
7.257693634	919
7.260700271	920
7.26146727	921
7.263492063	922
7.263514767	923
7.263522999	924
7.264779476	925
7.26567589	926
7.269600454	927
7.277687358	928
7.278459428	929
7.279131409	930
7.281634079	931
7.281979377	932
7.282736216	933
7.288648581	934
7.295632906	935
7.297234985	936
7.298470538	937
7.299485053	938
7.300902339	939
7.31116622	940
7.315521277	941
7.315969424	942
7.320654663	943
7.325523087	944
7.325767998	945
7.326864946	946
7.336873562	947
7.344081841	948
7.347456404	949
7.349711044	950
7.352062088	951
7.352605723	952
7.35570653	953
7.362830711	954
7.366517019	955
7.369438395	956
7.370020002	957
7.370773703	958
7.377782693	959
7.385015319	960
7.388921191	961
7.393529109	962
7.397541292	963
7.401905384	964
7.402166272	965
7.404088906	966
7.404362344	967
7.407211669	968
7.409559947	969
7.412886439	970
7.426282627	971
7.436256079	972
7.436415729	973
7.440490453	974
7.441838014	975
7.450322712	976
7.452926053	977
7.472351346	978
7.474623231	979
7.475529943	980
7.47792062	981
7.480969749	982
7.485900584	983
7.494040926	984
7.527151037	985
7.530008576	986
7.543708747	987
7.54637195	988
7.550402815	989
7.552158648	990
7.564887157	991
7.581911694	992
7.606443283	993
7.62001425	994
7.622396589	995
7.639217495	996
7.652687161	997
7.654451683	998
7.654762644	999
7.657818377	1000
7.672088433	1001
7.678392193	1002
7.689562586	1003
7.697097039	1004
7.704566134	1005
7.709305664	1006
7.719710642	1007
7.732518811	1008
7.733308924	1009
7.735200176	1010
7.738569279	1011
7.753447542	1012
7.763532028	1013
7.786202485	1014
7.786758865	1015
7.806223263	1016
7.850713495	1017
7.868654891	1018
7.875298767	1019
7.899253334	1020
7.913745754	1021
7.962557594	1022
7.997974514	1023
8.018411019	1024
8.04110289	1025
8.064535259	1026
8.07062846	1027
8.085868394	1028
8.104715611	1029
8.13087603	1030
8.142619819	1031
8.258754781	1032
8.259884832	1033
8.26338246	1034
8.287331013	1035
8.302884445	1036
8.333101637	1037
8.348029712	1038
8.355970146	1039
8.356624048	1040
8.373500049	1041
8.383070943	1042
8.39173133	1043
8.417577304	1044
8.430680201	1045
8.432948552	1046
8.46365175	1047
8.660676894	1048
8.7484644	1049
8.770246076	1050
8.795537862	1051
8.801575382	1052
8.802297907	1053
8.811271497	1054
8.836102306	1055
8.855051193	1056
8.865808163	1057
8.897748182	1058
8.975699606	1059
9.045546607	1060
9.16893859	1061
9.273825648	1062
9.488403655	1063
9.587200752	1064
9.677296635	1065
10.267803628	1066
11.372509593	1067
11.738389516	1068
11.891472378	1069
11.934221052	1070
11.9950835	1071
12.434669417	1072
12.555942204	1073
13.001918259	1074
13.123135078	1075
13.278297094	1076
13.703101761	1077
14.001329097	1078
15.395559563	1079
15.739026026	1080
