5.987376751	1
5.989410932	2
6.004911318	3
6.013511146	4
6.024277384	5
6.027728128	6
6.03028546	7
6.031485429	8
6.033401665	9
6.034602819	10
6.039481945	11
6.042924089	12
6.049112761	13
6.050165059	14
6.051567775	15
6.054165798	16
6.054318601	17
6.056045598	18
6.056558207	19
6.057624023	20
6.059355999	21
6.06165964	22
6.062198845	23
6.063495437	24
6.066243324	25
6.067768069	26
6.068476969	27
6.0706019	28
6.070775551	29
6.071992479	30
6.073968492	31
6.07470449	32
6.075013664	33
6.077514283	34
6.080285742	35
6.083289254	36
6.084387702	37
6.085410449	38
6.089536541	39
6.089562987	40
6.091568934	41
6.093319344	42
6.094950793	43
6.097191943	44
6.102563145	45
6.103917216	46
6.107107907	47
6.110765021	48
6.119260205	49
6.12162008	50
6.176836592	51
6.184422842	52
6.193992662	53
6.202570626	54
6.202901721	55
6.204689636	56
6.204989972	57
6.2052219	58
6.205712423	59
6.206236602	60
6.207308654	61
6.209767165	62
6.215376573	63
6.216007892	64
6.218880139	65
6.21888502	66
6.219418697	67
6.219990127	68
6.220027281	69
6.220576663	70
6.220994089	71
6.22130282	72
6.222206978	73
6.222267728	74
6.222622408	75
6.225891629	76
6.226031313	77
6.22629505	78
6.226957783	79
6.227955909	80
6.228313163	81
6.229678637	82
6.229901804	83
6.230032196	84
6.230565503	85
6.230570938	86
6.231253355	87
6.231428639	88
6.23144277	89
6.231570224	90
6.231894299	91
6.232074321	92
6.232353329	93
6.233146525	94
6.233173521	95
6.233247126	96
6.233497668	97
6.233889275	98
6.23477261	99
6.234773832	100
6.235118732	101
6.235326977	102
6.235505665	103
6.235627994	104
6.236795371	105
6.236809365	106
6.23697591	107
6.236997354	108
6.237124087	109
6.237302437	110
6.237625566	111
6.238330162	112
6.239287763	113
6.239962609	114
6.240535937	115
6.240675961	116
6.241184556	117
6.241843633	118
6.241996262	119
6.242029021	120
6.242897807	121
6.242970235	122
6.24320299	123
6.243366592	124
6.243401426	125
6.243599794	126
6.24396201	127
6.244193276	128
6.244854275	129
6.244905809	130
6.244946654	131
6.245028857	132
6.245655128	133
6.245684618	134
6.245964001	135
6.246248727	136
6.24625619	137
6.247512713	138
6.248026752	139
6.248229266	140
6.248367996	141
6.248549483	142
6.248761097	143
6.249507778	144
6.24990873	145
6.251498379	146
6.251524995	147
6.251618592	148
6.252186731	149
6.25342314	150
6.253610231	151
6.253640551	152
6.253786244	153
6.253996813	154
6.255163678	155
6.255426657	156
6.255728984	157
6.255880161	158
6.255903743	159
6.256117843	160
6.256258793	161
6.256445393	162
6.256461135	163
6.256959083	164
6.257224121	165
6.257239718	166
6.257889839	167
6.258004854	168
6.258143831	169
6.259458222	170
6.259679899	171
6.259681156	172
6.259816474	173
6.259942662	174
6.260025545	175
6.260182913	176
6.260205068	177
6.26026268	178
6.260431435	179
6.260517776	180
6.260684858	181
6.261120173	182
6.261136146	183
6.261535302	184
6.262186764	185
6.262581915	186
6.262798176	187
6.263065734	188
6.263200136	189
6.263227223	190
6.263301846	191
6.263540704	192
6.263943251	193
6.264010047	194
6.264426561	195
6.265452561	196
6.265646758	197
6.265664268	198
6.265712921	199
6.266553397	200
6.266747773	201
6.266943374	202
6.266966171	203
6.267136165	204
6.267253069	205
6.267296633	206
6.267629014	207
6.267849003	208
6.267850908	209
6.268728697	210
6.269108631	211
6.269124507	212
6.269455387	213
6.269463379	214
6.269538314	215
6.269676177	216
6.270106608	217
6.27010785	218
6.270252819	219
6.270518051	220
6.270568565	221
6.270726205	222
6.270740634	223
6.270770363	224
6.270790648	225
6.271045603	226
6.271812726	227
6.272122711	228
6.272224932	229
6.272225841	230
6.272363101	231
6.272545061	232
6.272564534	233
6.272777417	234
6.273178382	235
6.27330572	236
6.273388121	237
6.273421934	238
6.273531874	239
6.273541341	240
6.27358778	241
6.273673311	242
6.273847371	243
6.274354988	244
6.274469586	245
6.274539674	246
6.27495116	247
6.275323873	248
6.275389621	249
6.275507457	250
6.275617879	251
6.275846168	252
6.275867744	253
6.276273318	254
6.276698444	255
6.276762272	256
6.277313567	257
6.27732714	258
6.277358291	259
6.277514341	260
6.277572988	261
6.277976271	262
6.277986985	263
6.278213916	264
6.278432504	265
6.27882607	266
6.278905909	267
6.279018347	268
6.279308119	269
6.279336547	270
6.279514876	271
6.279565905	272
6.279854913	273
6.279949863	274
6.280551953	275
6.280807469	276
6.280831038	277
6.281308642	278
6.281311983	279
6.281539175	280
6.281814239	281
6.28208909	282
6.282344138	283
6.28240662	284
6.282658865	285
6.283117122	286
6.283376576	287
6.283788607	288
6.284033161	289
6.285464843	290
6.28588018	291
6.286016494	292
6.286202762	293
6.286263071	294
6.286419802	295
6.28647383	296
6.287045088	297
6.287333062	298
6.287518568	299
6.287708319	300
6.288020092	301
6.28811786	302
6.288206636	303
6.28836834	304
6.288406509	305
6.288688871	306
6.289240721	307
6.289449176	308
6.290487829	309
6.290916182	310
6.291296917	311
6.291567902	312
6.291684494	313
6.291935214	314
6.292159143	315
6.292556682	316
6.292681887	317
6.292834631	318
6.293137382	319
6.293242343	320
6.293584756	321
6.293709626	322
6.29392012	323
6.294227999	324
6.294286559	325
6.294362154	326
6.294778908	327
6.294987946	328
6.2953823	329
6.296103735	330
6.296454402	331
6.296489156	332
6.296759637	333
6.297092182	334
6.297104433	335
6.297289664	336
6.29742858	337
6.297500314	338
6.297626397	339
6.2977715	340
6.298083273	341
6.298568916	342
6.298584106	343
6.299026021	344
6.300185577	345
6.300442089	346
6.300870197	347
6.300992705	348
6.30169873	349
6.301966652	350
6.302008263	351
6.302043651	352
6.302297813	353
6.302519022	354
6.302590947	355
6.303488191	356
6.303807094	357
6.304628307	358
6.304749841	359
6.305144625	360
6.305207456	361
6.305386478	362
6.305634809	363
6.306032567	364
6.306076346	365
6.307373029	366
6.307788895	367
6.308057754	368
6.308337786	369
6.308340734	370
6.308355472	371
6.308575527	372
6.308640859	373
6.309132416	374
6.309682483	375
6.310671586	376
6.310693258	377
6.310781906	378
6.311044869	379
6.311239001	380
6.311445856	381
6.311520126	382
6.312082188	383
6.312334714	384
6.312384353	385
6.31297075	386
6.313015264	387
6.314172358	388
6.314305908	389
6.314422995	390
6.31467035	391
6.315317084	392
6.315518016	393
6.315965028	394
6.316020666	395
6.316091256	396
6.316778203	397
6.318835199	398
6.319861279	399
6.319985653	400
6.32086271	401
6.322038032	402
6.322416037	403
6.322700261	404
6.322749587	405
6.322810684	406
6.322820118	407
6.325100717	408
6.327449423	409
6.32779632	410
6.330010666	411
6.330549556	412
6.330875241	413
6.332682386	414
6.335059496	415
6.335766384	416
6.336745802	417
6.338258109	418
6.338279154	419
6.338363245	420
6.340628463	421
6.340820227	422
6.341137468	423
6.341363362	424
6.342467291	425
6.342750291	426
6.34466069	427
6.3447469	428
6.346160717	429
6.349699482	430
6.350177919	431
6.351945556	432
6.352424862	433
6.35260754	434
6.353489574	435
6.356504321	436
6.357056056	437
6.358079162	438
6.35886632	439
6.35949942	440
6.360500711	441
6.361079965	442
6.361374078	443
6.362419205	444
6.362724339	445
6.363728944	446
6.365139344	447
6.365501561	448
6.365557137	449
6.366646529	450
6.367573368	451
6.368148191	452
6.36843449	453
6.368460365	454
6.370710072	455
6.371531458	456
6.371697583	457
6.371886409	458
6.373032335	459
6.373668	460
6.373848578	461
6.373877232	462
6.373902238	463
6.373967467	464
6.374636199	465
6.374683439	466
6.37510277	467
6.376951444	468
6.377341212	469
6.377714504	470
6.378812503	471
6.3789779	472
6.379120279	473
6.379217678	474
6.379633848	475
6.37985867	476
6.381078818	477
6.381351328	478
6.382869795	479
6.383221711	480
6.383603927	481
6.38492981	482
6.385337115	483
6.38556936	484
6.386630243	485
6.387256339	486
6.387746201	487
6.388071373	488
6.388127166	489
6.388842463	490
6.388961218	491
6.388995071	492
6.390990031	493
6.391654526	494
6.392125897	495
6.392225033	496
6.392592982	497
6.393487461	498
6.393489528	499
6.393687708	500
6.393770251	501
6.393952231	502
6.394133246	503
6.39452947	504
6.394921089	505
6.39513189	506
6.395474272	507
6.396037076	508
6.396464295	509
6.396724803	510
6.397256036	511
6.397952538	512
6.39849801	513
6.399622032	514
6.399705468	515
6.399849313	516
6.400360079	517
6.400990616	518
6.401846614	519
6.402148721	520
6.40316563	521
6.40402895	522
6.404567281	523
6.40524953	524
6.405447419	525
6.406631027	526
6.406945215	527
6.408351257	528
6.408706503	529
6.409339731	530
6.409367645	531
6.40945284	532
6.410989956	533
6.411401176	534
6.41292874	535
6.416505734	536
6.417646813	537
6.418085171	538
6.41820023	539
6.419303613	540
6.421478134	541
6.421718246	542
6.427582918	543
6.427607527	544
6.42780119	545
6.429514255	546
6.429681263	547
6.429772023	548
6.431873066	549
6.432036724	550
6.432217207	551
6.434683478	552
6.435195304	553
6.435725377	554
6.435755647	555
6.436077273	556
6.436669506	557
6.437794931	558
6.438226209	559
6.44020697	560
6.441153665	561
6.441329429	562
6.44143006	563
6.443595755	564
6.44379031	565
6.444273646	566
6.444646903	567
6.44495817	568
6.446210109	569
6.447922812	570
6.448826784	571
6.449035897	572
6.449702257	573
6.450775876	574
6.451995029	575
6.452534953	576
6.452548547	577
6.453213634	578
6.455591861	579
6.456303562	580
6.456441925	581
6.45777219	582
6.46139159	583
6.462031075	584
6.462385573	585
6.464153092	586
6.464615637	587
6.465074504	588
6.465156403	589
6.46526516	590
6.46642883	591
6.466744071	592
6.467855206	593
6.467949076	594
6.468956516	595
6.469404623	596
6.469518747	597
6.469834606	598
6.471040732	599
6.471493213	600
6.474069316	601
6.474477785	602
6.476089542	603
6.477401531	604
6.477807009	605
6.477950609	606
6.47908103	607
6.479960475	608
6.480857376	609
6.480885074	610
6.480981612	611
6.481140457	612
6.481611221	613
6.482190626	614
6.482215942	615
6.482405507	616
6.483001868	617
6.483040517	618
6.483781093	619
6.484536669	620
6.484551514	621
6.485715398	622
6.487575933	623
6.487908503	624
6.489764415	625
6.490390789	626
6.49125449	627
6.491418771	628
6.492794219	629
6.493627411	630
6.494763562	631
6.496274242	632
6.496505039	633
6.497153172	634
6.497810297	635
6.497879085	636
6.497999557	637
6.499435107	638
6.499656413	639
6.500427348	640
6.500715854	641
6.501100781	642
6.501727874	643
6.50189336	644
6.502719089	645
6.503390495	646
6.504125832	647
6.504384594	648
6.504519331	649
6.505675191	650
6.506970343	651
6.507446903	652
6.507941384	653
6.507990147	654
6.508687535	655
6.509603785	656
6.510205646	657
6.510266433	658
6.510494921	659
6.510730082	660
6.51085194	661
6.5113079	662
6.51143641	663
6.51191494	664
6.512474907	665
6.512617102	666
6.513046154	667
6.513815324	668
6.514282345	669
6.514324833	670
6.515218439	671
6.515394046	672
6.515584193	673
6.515652444	674
6.515669105	675
6.515997874	676
6.516008138	677
6.517969431	678
6.518607911	679
6.518680122	680
6.518696805	681
6.518995904	682
6.519459196	683
6.519504539	684
6.51997458	685
6.520110249	686
6.520432659	687
6.520560679	688
6.520817099	689
6.521242009	690
6.521549152	691
6.521744064	692
6.521792391	693
6.522482305	694
6.522599497	695
6.522897339	696
6.523321366	697
6.524355643	698
6.52569655	699
6.525846985	700
6.526172383	701
6.526220185	702
6.527826188	703
6.529297694	704
6.530398099	705
6.530590006	706
6.530635133	707
6.531175783	708
6.53138285	709
6.531654142	710
6.531742466	711
6.532566391	712
6.532793275	713
6.534055303	714
6.534163141	715
6.534457941	716
6.535277283	717
6.53536976	718
6.535471554	719
6.536176035	720
6.537092126	721
6.537378023	722
6.537381241	723
6.537391421	724
6.537813412	725
6.537817831	726
6.538588645	727
6.538831631	728
6.539412693	729
6.539687968	730
6.540013559	731
6.54057065	732
6.541337141	733
6.541558848	734
6.541606482	735
6.541651848	736
6.542071596	737
6.542091327	738
6.54489978	739
6.545703827	740
6.545829828	741
6.545916979	742
6.545993773	743
6.546796917	744
6.547129879	745
6.547195606	746
6.547895635	747
6.547910666	748
6.548013075	749
6.548258517	750
6.548340314	751
6.548389472	752
6.549053799	753
6.549268527	754
6.549322587	755
6.549789179	756
6.549868308	757
6.550177345	758
6.550559436	759
6.550959936	760
6.551840286	761
6.55288309	762
6.55326398	763
6.554969272	764
6.55517381	765
6.55562164	766
6.556242861	767
6.556493914	768
6.556519022	769
6.556537208	770
6.556887004	771
6.556946826	772
6.557012233	773
6.55849625	774
6.558973436	775
6.559451484	776
6.559537999	777
6.560255237	778
6.560964507	779
6.561776474	780
6.561960697	781
6.562191117	782
6.563378258	783
6.56446859	784
6.565166287	785
6.565339547	786
6.565975619	787
6.566413854	788
6.566890602	789
6.567295135	790
6.567669668	791
6.568394698	792
6.569258179	793
6.569900327	794
6.570695147	795
6.571787248	796
6.571869919	797
6.57318853	798
6.573567043	799
6.574169764	800
6.574264657	801
6.574340986	802
6.57436793	803
6.575223422	804
6.575524579	805
6.57585026	806
6.576191826	807
6.577076839	808
6.577247182	809
6.577353242	810
6.577488695	811
6.578362135	812
6.578623886	813
6.578873475	814
6.578918776	815
6.579534213	816
6.579775917	817
6.579998779	818
6.58037064	819
6.580460281	820
6.581430052	821
6.581761375	822
6.581781806	823
6.581937631	824
6.58202873	825
6.582142861	826
6.582366148	827
6.582938145	828
6.583041155	829
6.583141648	830
6.583381491	831
6.583392488	832
6.583787649	833
6.584377218	834
6.585987432	835
6.586128329	836
6.586442492	837
6.586967444	838
6.588050436	839
6.588396191	840
6.589278015	841
6.589290879	842
6.589481302	843
6.589607084	844
6.589720339	845
6.590111157	846
6.590520454	847
6.591106387	848
6.591360011	849
6.591917471	850
6.591975684	851
6.592500947	852
6.592534492	853
6.592681996	854
6.593228343	855
6.594394211	856
6.594480972	857
6.594755297	858
6.595380653	859
6.595493116	860
6.595516963	861
6.595570106	862
6.595729473	863
6.596010549	864
6.596411223	865
6.5971039	866
6.599146814	867
6.600139781	868
6.600386991	869
6.601689336	870
6.602114829	871
6.602599649	872
6.602996685	873
6.60336459	874
6.604101281	875
6.604840852	876
6.605772096	877
6.606937923	878
6.607219288	879
6.608493741	880
6.609706086	881
6.61046476	882
6.610552964	883
6.610831459	884
6.611322263	885
6.61136579	886
6.61192301	887
6.612314323	888
6.613023955	889
6.613230656	890
6.613392716	891
6.613507131	892
6.615013638	893
6.615558241	894
6.615809466	895
6.616367966	896
6.616809402	897
6.617421948	898
6.618062584	899
6.61814753	900
6.618318559	901
6.61877499	902
6.618957007	903
6.618973577	904
6.619820479	905
6.619917444	906
6.620101202	907
6.621570266	908
6.621660471	909
6.622718678	910
6.623237842	911
6.624000255	912
6.624511691	913
6.626719271	914
6.626843406	915
6.627153246	916
6.627572898	917
6.627579755	918
6.627928298	919
6.628103871	920
6.628982741	921
6.629843738	922
6.630947216	923
6.631022837	924
6.631284744	925
6.631455384	926
6.631650396	927
6.631707754	928
6.631839491	929
6.631958894	930
6.632609493	931
6.633473309	932
6.634774012	933
6.638381728	934
6.638563198	935
6.639523643	936
6.640277722	937
6.640473084	938
6.641440244	939
6.642151219	940
6.642913239	941
6.643199281	942
6.64461894	943
6.644674455	944
6.644781095	945
6.646363015	946
6.646405864	947
6.646697913	948
6.647232978	949
6.647741616	950
6.648341307	951
6.648803231	952
6.648920499	953
6.648958946	954
6.649078555	955
6.650105533	956
6.650357857	957
6.651108562	958
6.65176927	959
6.651860869	960
6.651866209	961
6.652623821	962
6.652652878	963
6.653071729	964
6.653526244	965
6.653986912	966
6.653993578	967
6.65485141	968
6.655706761	969
6.65679308	970
6.657687687	971
6.657849962	972
6.657937462	973
6.658273526	974
6.65837189	975
6.660161147	976
6.661908515	977
6.662193284	978
6.663672349	979
6.664012887	980
6.665609028	981
6.665873863	982
6.666003921	983
6.666412953	984
6.666980194	985
6.667491646	986
6.66812094	987
6.668413793	988
6.668708961	989
6.670740279	990
6.671496983	991
6.672811289	992
6.673501734	993
6.675338341	994
6.675762578	995
6.676288448	996
6.676581348	997
6.677046135	998
6.677302694	999
6.679376709	1000
6.679934595	1001
6.680303644	1002
6.680421875	1003
6.680599538	1004
6.680662498	1005
6.681313776	1006
6.681839533	1007
6.683839173	1008
6.684339001	1009
6.684543576	1010
6.684644869	1011
6.686189187	1012
6.68907801	1013
6.690008294	1014
6.691275723	1015
6.69153668	1016
6.693479386	1017
6.693846668	1018
6.69434501	1019
6.696132621	1020
6.6967168	1021
6.69695166	1022
6.697130951	1023
6.697589578	1024
6.698683962	1025
6.698706298	1026
6.699004756	1027
6.699120345	1028
6.699286195	1029
6.699482654	1030
6.700863116	1031
6.701275219	1032
6.701306296	1033
6.701689255	1034
6.702561408	1035
6.70277903	1036
6.702810627	1037
6.703823684	1038
6.703940399	1039
6.7050101	1040
6.705439112	1041
6.705598706	1042
6.705875426	1043
6.706490218	1044
6.707131305	1045
6.708230297	1046
6.708514476	1047
6.708651845	1048
6.708987742	1049
6.70975623	1050
6.710836956	1051
6.711399227	1052
6.711834426	1053
6.712482953	1054
6.713297513	1055
6.713610412	1056
6.713983941	1057
6.714110764	1058
6.714179219	1059
6.714761449	1060
6.714940092	1061
6.715417506	1062
6.715611635	1063
6.715943243	1064
6.71605874	1065
6.71628388	1066
6.716650154	1067
6.717420184	1068
6.718263576	1069
6.71829856	1070
6.718635924	1071
6.719024956	1072
6.720493506	1073
6.720504925	1074
6.722378092	1075
6.723334714	1076
6.72381924	1077
6.724733153	1078
6.725333669	1079
6.725575464	1080
6.725794315	1081
6.726475456	1082
6.728477234	1083
6.728809738	1084
6.729031145	1085
6.730578361	1086
6.730588217	1087
6.731791204	1088
6.732030273	1089
6.732515885	1090
6.732773375	1091
6.733000988	1092
6.733622239	1093
6.733704615	1094
6.733759027	1095
6.733831535	1096
6.734117903	1097
6.73413573	1098
6.735305022	1099
6.735510558	1100
6.735599973	1101
6.735640505	1102
6.736541409	1103
6.73677226	1104
6.736813359	1105
6.737344899	1106
6.73862905	1107
6.738744358	1108
6.739003422	1109
6.739019441	1110
6.739343595	1111
6.740284047	1112
6.740384308	1113
6.742476618	1114
6.742562587	1115
6.743225896	1116
6.743263637	1117
6.744080188	1118
6.745504447	1119
6.745784216	1120
6.745847282	1121
6.746220917	1122
6.746835404	1123
6.747040501	1124
6.749104681	1125
6.749406334	1126
6.749417622	1127
6.749549337	1128
6.749826625	1129
6.75023451	1130
6.750743411	1131
6.750859651	1132
6.751748919	1133
6.751791132	1134
6.751791409	1135
6.753075768	1136
6.753563658	1137
6.753595688	1138
6.753596281	1139
6.75359671	1140
6.754811179	1141
6.755073895	1142
6.755467186	1143
6.755664882	1144
6.755727528	1145
6.755849997	1146
6.756080135	1147
6.756336269	1148
6.756663018	1149
6.75674739	1150
6.756924122	1151
6.757007493	1152
6.757515087	1153
6.757900608	1154
6.75796043	1155
6.758712697	1156
6.759531468	1157
6.759608481	1158
6.759629358	1159
6.760108122	1160
6.760161047	1161
6.760296178	1162
6.760638503	1163
6.760641764	1164
6.760674396	1165
6.760707854	1166
6.760753025	1167
6.760922907	1168
6.761080401	1169
6.761098479	1170
6.761736049	1171
6.761813859	1172
6.762168215	1173
6.762415845	1174
6.762661586	1175
6.762681299	1176
6.762942646	1177
6.762943629	1178
6.762957849	1179
6.76331113	1180
6.763317412	1181
6.763367958	1182
6.763960347	1183
6.763966617	1184
6.763991973	1185
6.764023491	1186
6.764038492	1187
6.764102909	1188
6.764308525	1189
6.764392427	1190
6.764648856	1191
6.764718284	1192
6.765489502	1193
6.765574736	1194
6.765743899	1195
6.765767924	1196
6.766081791	1197
6.766228013	1198
6.766247176	1199
6.76637793	1200
6.766570451	1201
6.766613209	1202
6.767452337	1203
6.767782351	1204
6.767848248	1205
6.767958353	1206
6.768279282	1207
6.768715269	1208
6.769276983	1209
6.769331642	1210
6.769842937	1211
6.769988348	1212
6.770402287	1213
6.770673297	1214
6.770705727	1215
6.770821097	1216
6.77093984	1217
6.771519304	1218
6.772227895	1219
6.772229431	1220
6.772487183	1221
6.773514274	1222
6.773701238	1223
6.774092198	1224
6.774204075	1225
6.774702728	1226
6.774717349	1227
6.774868953	1228
6.77497925	1229
6.775040372	1230
6.775055264	1231
6.775269207	1232
6.775332683	1233
6.775352589	1234
6.775509308	1235
6.775719853	1236
6.775849478	1237
6.776186525	1238
6.776195277	1239
6.776213	1240
6.776284531	1241
6.77662098	1242
6.776668435	1243
6.777078145	1244
6.777917028	1245
6.778185621	1246
6.778509488	1247
6.77868762	1248
6.779053952	1249
6.779106164	1250
6.779114012	1251
6.779162358	1252
6.780024991	1253
6.780429312	1254
6.780446322	1255
6.781710414	1256
6.781815494	1257
6.781883691	1258
6.781902367	1259
6.781966574	1260
6.781971616	1261
6.782096035	1262
6.78246037	1263
6.782575127	1264
6.782770173	1265
6.782853314	1266
6.783093157	1267
6.783232926	1268
6.783323942	1269
6.783332495	1270
6.783362927	1271
6.783467778	1272
6.783483216	1273
6.783594378	1274
6.78364985	1275
6.783928663	1276
6.784207149	1277
6.784296415	1278
6.784466383	1279
6.784581364	1280
6.784925198	1281
6.78502002	1282
6.785088392	1283
6.785697971	1284
6.785699055	1285
6.785707192	1286
6.785910665	1287
6.786149343	1288
6.786216442	1289
6.786617423	1290
6.78688763	1291
6.787080054	1292
6.787401971	1293
6.787800112	1294
6.788167996	1295
6.788276821	1296
6.788961534	1297
6.789093637	1298
6.789278222	1299
6.789563511	1300
6.789667956	1301
6.790019824	1302
6.79042856	1303
6.790468445	1304
6.791133483	1305
6.791799154	1306
6.791835381	1307
6.791890056	1308
6.79263309	1309
6.792640976	1310
6.792651357	1311
6.792764863	1312
6.792997277	1313
6.793115084	1314
6.793409789	1315
6.793416758	1316
6.793495601	1317
6.793721496	1318
6.793784912	1319
6.793939219	1320
6.793979286	1321
6.794092239	1322
6.794318102	1323
6.794417432	1324
6.79498233	1325
6.79519069	1326
6.795201885	1327
6.795316029	1328
6.795511269	1329
6.795723821	1330
6.796173604	1331
6.796236355	1332
6.796278504	1333
6.796327585	1334
6.796858942	1335
6.797003294	1336
6.797086261	1337
6.79757484	1338
6.798316813	1339
6.798420797	1340
6.79845521	1341
6.799031118	1342
6.799350387	1343
6.79942871	1344
6.799457963	1345
6.799729733	1346
6.799949128	1347
6.799977095	1348
6.800026647	1349
6.80015344	1350
6.800386052	1351
6.800398143	1352
6.800463612	1353
6.800594558	1354
6.801001506	1355
6.801159148	1356
6.801168937	1357
6.801495626	1358
6.80181901	1359
6.801964252	1360
6.802360184	1361
6.802446832	1362
6.802612536	1363
6.802701517	1364
6.802756245	1365
6.802793503	1366
6.802918321	1367
6.802993883	1368
6.803057926	1369
6.803151463	1370
6.803595566	1371
6.803596094	1372
6.803617384	1373
6.803667989	1374
6.803919868	1375
6.804539152	1376
6.804579443	1377
6.805233078	1378
6.805425697	1379
6.805430738	1380
6.805496652	1381
6.805648585	1382
6.80595162	1383
6.806322082	1384
6.806396049	1385
6.806474552	1386
6.80648644	1387
6.806757669	1388
6.807007792	1389
6.807105878	1390
6.807265374	1391
6.807326501	1392
6.807985683	1393
6.808254595	1394
6.808667432	1395
6.809194677	1396
6.809376821	1397
6.809428059	1398
6.810088195	1399
6.810267006	1400
6.810466296	1401
6.810573355	1402
6.810766316	1403
6.810867025	1404
6.810991092	1405
6.811111762	1406
6.811268449	1407
6.811360978	1408
6.811955798	1409
6.813236229	1410
6.813424265	1411
6.813603503	1412
6.813610842	1413
6.813702054	1414
6.814116765	1415
6.81415055	1416
6.814269247	1417
6.814789416	1418
6.814990041	1419
6.815070982	1420
6.815244331	1421
6.815318946	1422
6.816020181	1423
6.816261589	1424
6.816427082	1425
6.816690561	1426
6.818090496	1427
6.818514496	1428
6.81884081	1429
6.819726051	1430
6.820953082	1431
6.821308195	1432
6.821352306	1433
6.821381037	1434
6.821458929	1435
6.821816167	1436
6.822142146	1437
6.822511995	1438
6.823025432	1439
6.82319557	1440
6.823400596	1441
6.823699834	1442
6.823910706	1443
6.823998213	1444
6.824296287	1445
6.825139745	1446
6.826571514	1447
6.827061673	1448
6.827258605	1449
6.827323274	1450
6.829374561	1451
6.829624747	1452
6.830123473	1453
6.830252345	1454
6.83058394	1455
6.830593605	1456
6.831988084	1457
6.832866842	1458
6.832943314	1459
6.833476265	1460
6.834950667	1461
6.835211058	1462
6.835768686	1463
6.836571629	1464
6.837418719	1465
6.837567904	1466
6.838894354	1467
6.83974273	1468
6.839751924	1469
6.84054951	1470
6.841219691	1471
6.841809997	1472
6.84480574	1473
6.845078882	1474
6.846591681	1475
6.847081912	1476
6.847332798	1477
6.847333179	1478
6.84841941	1479
6.849280214	1480
6.850131455	1481
6.851141319	1482
6.853726391	1483
6.854488725	1484
6.854808717	1485
6.855267433	1486
6.856583466	1487
6.857009132	1488
6.857332168	1489
6.858841666	1490
6.863043434	1491
6.863983719	1492
6.866401115	1493
6.866630513	1494
6.866654258	1495
6.86712864	1496
6.869650092	1497
6.870036798	1498
6.871870239	1499
6.876095583	1500
6.877091933	1501
6.878840584	1502
6.881938248	1503
6.88258878	1504
6.886834245	1505
6.887169344	1506
6.887232565	1507
6.889228935	1508
6.891295075	1509
6.891330778	1510
6.893970859	1511
6.895201112	1512
6.895563204	1513
6.896664321	1514
6.897642803	1515
6.897871751	1516
6.900590176	1517
6.902754881	1518
6.902813801	1519
6.902993837	1520
6.905488445	1521
6.906750318	1522
6.907355069	1523
6.907420409	1524
6.908635995	1525
6.909536968	1526
6.910194943	1527
6.913274256	1528
6.913291074	1529
6.915639154	1530
6.915984859	1531
6.917117391	1532
6.917267648	1533
6.917704483	1534
6.91878928	1535
6.919247538	1536
6.922881574	1537
6.923904952	1538
6.924008594	1539
6.925055328	1540
6.926109044	1541
6.926328469	1542
6.926612926	1543
6.929642578	1544
6.930757107	1545
6.934007723	1546
6.937139695	1547
6.937517485	1548
6.937527254	1549
6.937661586	1550
6.937722359	1551
6.937870283	1552
6.938152358	1553
6.939938526	1554
6.940671275	1555
6.941020447	1556
6.941657863	1557
6.941736752	1558
6.943224683	1559
6.945071782	1560
6.945080162	1561
6.94572727	1562
6.94631699	1563
6.951690321	1564
6.952138848	1565
6.95276968	1566
6.95288899	1567
6.953575967	1568
6.954428316	1569
6.954973404	1570
6.955034116	1571
6.958271283	1572
6.959096934	1573
6.959130356	1574
6.959540055	1575
6.96089369	1576
6.962190176	1577
6.96318431	1578
6.963268685	1579
6.965544872	1580
6.96562099	1581
6.966850958	1582
6.967054386	1583
6.968228898	1584
6.969675234	1585
6.96991687	1586
6.97111265	1587
6.971130031	1588
6.972837781	1589
6.972916474	1590
6.973857933	1591
6.974605034	1592
6.974634486	1593
6.975501028	1594
6.977351976	1595
6.979508965	1596
6.980515093	1597
6.983403383	1598
6.983460128	1599
6.984343475	1600
6.986812262	1601
6.986826314	1602
6.988327921	1603
6.989987028	1604
6.990841494	1605
6.991375646	1606
6.994620653	1607
6.997513157	1608
6.998944586	1609
7.000185623	1610
7.000771302	1611
7.002922677	1612
7.003229922	1613
7.004615725	1614
7.009096962	1615
7.009222827	1616
7.009527496	1617
7.011285381	1618
7.011846653	1619
7.011861621	1620
7.013742389	1621
7.014373697	1622
7.01476058	1623
7.015625195	1624
7.017052739	1625
7.017370603	1626
7.018534137	1627
7.019864899	1628
7.020737385	1629
7.024267107	1630
7.024882684	1631
7.02515427	1632
7.025171156	1633
7.025583077	1634
7.025959723	1635
7.027864625	1636
7.028542303	1637
7.031609862	1638
7.033032475	1639
7.034084661	1640
7.036910912	1641
7.037529281	1642
7.042491177	1643
7.042746215	1644
7.042992479	1645
7.043647093	1646
7.045237541	1647
7.046300773	1648
7.047320701	1649
7.047897462	1650
7.049905767	1651
7.052795292	1652
7.054794425	1653
7.058265829	1654
7.059137776	1655
7.062263996	1656
7.064868502	1657
7.065111909	1658
7.065461615	1659
7.065710941	1660
7.066169703	1661
7.067012008	1662
7.068200221	1663
7.073351331	1664
7.073558124	1665
7.073792886	1666
7.075188282	1667
7.07745237	1668
7.077598082	1669
7.077967498	1670
7.078247244	1671
7.078521859	1672
7.078686756	1673
7.079194775	1674
7.081360556	1675
7.08185929	1676
7.082218321	1677
7.083253718	1678
7.083396375	1679
7.089349413	1680
7.091065153	1681
7.091496908	1682
7.094998186	1683
7.095018599	1684
7.09503168	1685
7.096269943	1686
7.098157196	1687
7.09910676	1688
7.100351409	1689
7.100672188	1690
7.101232778	1691
7.102215106	1692
7.10445491	1693
7.10734208	1694
7.107661853	1695
7.108333021	1696
7.109149075	1697
7.112490693	1698
7.112560631	1699
7.112954484	1700
7.114800425	1701
7.115714442	1702
7.116383267	1703
7.116902144	1704
7.11792588	1705
7.118467661	1706
7.119160635	1707
7.12069947	1708
7.120730253	1709
7.120932885	1710
7.122247099	1711
7.122761497	1712
7.123536269	1713
7.124168242	1714
7.125356575	1715
7.125848225	1716
7.12715365	1717
7.128744677	1718
7.132638777	1719
7.133059178	1720
7.134652544	1721
7.134980441	1722
7.136615591	1723
7.136959769	1724
7.137754695	1725
7.138827645	1726
7.13912693	1727
7.139758704	1728
7.13988673	1729
7.141628611	1730
7.142101477	1731
7.143262	1732
7.143863804	1733
7.147413693	1734
7.150201481	1735
7.153703742	1736
7.154971123	1737
7.156185558	1738
7.160735489	1739
7.161433121	1740
7.161492522	1741
7.16592823	1742
7.168534463	1743
7.168594995	1744
7.168796329	1745
7.172562514	1746
7.173539406	1747
7.176405496	1748
7.177646876	1749
7.178649945	1750
7.179545706	1751
7.185820138	1752
7.186229599	1753
7.186312084	1754
7.186526535	1755
7.187710476	1756
7.188791862	1757
7.191009702	1758
7.192709424	1759
7.193427105	1760
7.194725961	1761
7.195171474	1762
7.19542889	1763
7.195895576	1764
7.196564926	1765
7.198865823	1766
7.199347021	1767
7.19970431	1768
7.202354528	1769
7.203935932	1770
7.204161593	1771
7.205307568	1772
7.206702568	1773
7.207104158	1774
7.207649319	1775
7.20795202	1776
7.208849389	1777
7.214083416	1778
7.214680216	1779
7.215601577	1780
7.216585178	1781
7.219363459	1782
7.221066937	1783
7.221139377	1784
7.225784275	1785
7.225868828	1786
7.227060058	1787
7.229688882	1788
7.239429223	1789
7.239966823	1790
7.24051298	1791
7.240903455	1792
7.241542597	1793
7.243727864	1794
7.245007079	1795
7.245896717	1796
7.24844866	1797
7.248815357	1798
7.249947143	1799
7.25114015	1800
7.254691038	1801
7.255106911	1802
7.258856563	1803
7.259926573	1804
7.25999901	1805
7.262782037	1806
7.264169267	1807
7.270437008	1808
7.274930296	1809
7.28316232	1810
7.283191259	1811
7.284993827	1812
7.287192126	1813
7.289227678	1814
7.294261845	1815
7.296363893	1816
7.296917359	1817
7.299206821	1818
7.300705479	1819
7.30411887	1820
7.306875209	1821
7.309377499	1822
7.309898641	1823
7.310197679	1824
7.312860061	1825
7.314107708	1826
7.32110702	1827
7.326174873	1828
7.327194032	1829
7.327830847	1830
7.329123848	1831
7.33043172	1832
7.330900396	1833
7.331029826	1834
7.331551383	1835
7.331775802	1836
7.335860059	1837
7.345389279	1838
7.346096905	1839
7.346416155	1840
7.347349445	1841
7.352606062	1842
7.354552432	1843
7.358335807	1844
7.358697088	1845
7.367595647	1846
7.367913326	1847
7.369776744	1848
7.370697945	1849
7.371061518	1850
7.372844419	1851
7.373683603	1852
7.374884656	1853
7.374915912	1854
7.375211438	1855
7.375852735	1856
7.37602623	1857
7.38201204	1858
7.383453549	1859
7.388334708	1860
7.388612263	1861
7.390399317	1862
7.391067588	1863
7.392638247	1864
7.394845734	1865
7.394914769	1866
7.396169827	1867
7.396707859	1868
7.400285045	1869
7.401078085	1870
7.402820398	1871
7.404203001	1872
7.406810428	1873
7.408535838	1874
7.410034971	1875
7.415592661	1876
7.415782371	1877
7.418876361	1878
7.421798074	1879
7.422051989	1880
7.424889511	1881
7.425211624	1882
7.426327463	1883
7.428993781	1884
7.429419737	1885
7.431220147	1886
7.432664793	1887
7.433704955	1888
7.434266077	1889
7.434975731	1890
7.435580291	1891
7.435808567	1892
7.436594046	1893
7.439059443	1894
7.439257776	1895
7.443087411	1896
7.443230632	1897
7.44378019	1898
7.445840176	1899
7.446509256	1900
7.44734693	1901
7.447362454	1902
7.450620357	1903
7.451053037	1904
7.45200287	1905
7.45252282	1906
7.454930445	1907
7.461209667	1908
7.461778851	1909
7.462064674	1910
7.46440916	1911
7.46458153	1912
7.466151681	1913
7.466884878	1914
7.46694793	1915
7.468855905	1916
7.472569345	1917
7.472860449	1918
7.473338304	1919
7.473410397	1920
7.474517513	1921
7.474756366	1922
7.474795435	1923
7.477979939	1924
7.478792064	1925
7.480034765	1926
7.480051598	1927
7.48143307	1928
7.482005895	1929
7.483416412	1930
7.484389536	1931
7.485017249	1932
7.486785234	1933
7.48952438	1934
7.49040611	1935
7.490591528	1936
7.490727711	1937
7.491422929	1938
7.49800012	1939
7.499785317	1940
7.500134833	1941
7.502703906	1942
7.507518967	1943
7.507856837	1944
7.508519073	1945
7.508755916	1946
7.50886515	1947
7.509829944	1948
7.510489619	1949
7.510756584	1950
7.512117776	1951
7.513456559	1952
7.517446188	1953
7.52122985	1954
7.523013885	1955
7.526256852	1956
7.526880172	1957
7.528302558	1958
7.531257446	1959
7.532448269	1960
7.535999115	1961
7.536246407	1962
7.536471499	1963
7.537367131	1964
7.539177214	1965
7.539619982	1966
7.539751494	1967
7.551083464	1968
7.551404071	1969
7.552020566	1970
7.555899506	1971
7.556396212	1972
7.558707214	1973
7.55970821	1974
7.561795223	1975
7.576068175	1976
7.577145411	1977
7.580009461	1978
7.581736802	1979
7.582013238	1980
7.583638394	1981
7.585410405	1982
7.592451413	1983
7.593897082	1984
7.594701602	1985
7.597282416	1986
7.600548592	1987
7.600940224	1988
7.601982971	1989
7.602657365	1990
7.607320837	1991
7.607925366	1992
7.609800149	1993
7.611717963	1994
7.613685725	1995
7.614506001	1996
7.616102984	1997
7.620845967	1998
7.621501502	1999
7.62217497	2000
7.625060374	2001
7.626294268	2002
7.62705791	2003
7.629582337	2004
7.633520584	2005
7.635779419	2006
7.639254245	2007
7.640923073	2008
7.641271316	2009
7.645033479	2010
7.64796927	2011
7.652725431	2012
7.659161351	2013
7.660714557	2014
7.662617161	2015
7.663426503	2016
7.666389739	2017
7.674209377	2018
7.677699506	2019
7.68264302	2020
7.686480631	2021
7.686858139	2022
7.688895588	2023
7.689527114	2024
7.691456297	2025
7.696539046	2026
7.701045637	2027
7.702513427	2028
7.702828969	2029
7.705134247	2030
7.706884573	2031
7.713574791	2032
7.714895636	2033
7.715511954	2034
7.717775678	2035
7.721141741	2036
7.72248479	2037
7.728287809	2038
7.728516732	2039
7.728671777	2040
7.728811406	2041
7.73369727	2042
7.739814927	2043
7.740191667	2044
7.742168602	2045
7.742818796	2046
7.745808716	2047
7.746536397	2048
7.748126942	2049
7.748505151	2050
7.751949965	2051
7.753233931	2052
7.755741899	2053
7.758308904	2054
7.758611476	2055
7.759138467	2056
7.759655935	2057
7.759827197	2058
7.759984534	2059
7.76028656	2060
7.760369769	2061
7.761067199	2062
7.761273929	2063
7.761716329	2064
7.762727972	2065
7.763433036	2066
7.763465767	2067
7.766619591	2068
7.770938673	2069
7.771213632	2070
7.771817502	2071
7.772977792	2072
7.773072563	2073
7.774732527	2074
7.77740936	2075
7.779686377	2076
7.780036701	2077
7.78006857	2078
7.783060665	2079
7.784504723	2080
7.785250364	2081
7.790343616	2082
7.792800962	2083
7.793329863	2084
7.803106263	2085
7.803893212	2086
7.806353649	2087
7.8071657	2088
7.810126642	2089
7.81282	2090
7.818410899	2091
7.822336002	2092
7.826698391	2093
7.827053302	2094
7.827940698	2095
7.829538328	2096
7.831760191	2097
7.831777937	2098
7.832334947	2099
7.833029624	2100
7.839211405	2101
7.841903474	2102
7.844603882	2103
7.845009464	2104
7.846396341	2105
7.84939534	2106
7.851251357	2107
7.851608823	2108
7.852218059	2109
7.854309989	2110
7.854682422	2111
7.856999974	2112
7.861265826	2113
7.864059303	2114
7.869532404	2115
7.870705147	2116
7.87228562	2117
7.878656587	2118
7.880531182	2119
7.883592926	2120
7.890597583	2121
7.891497507	2122
7.891773425	2123
7.897251399	2124
7.897816745	2125
7.901332609	2126
7.901760501	2127
7.905727888	2128
7.908612445	2129
7.909581802	2130
7.91168044	2131
7.915855352	2132
7.917782543	2133
7.918361369	2134
7.91841874	2135
7.931444982	2136
7.936829424	2137
7.938304184	2138
7.94429047	2139
7.948611998	2140
7.950281253	2141
7.951221354	2142
7.956854325	2143
7.957384209	2144
7.959077495	2145
7.961532954	2146
7.964696037	2147
7.965962537	2148
7.967232148	2149
7.971207984	2150
7.973977134	2151
7.985464943	2152
7.986031793	2153
7.990260566	2154
7.992929847	2155
7.997389567	2156
8.008059726	2157
8.012553026	2158
8.024557056	2159
8.028249293	2160
8.034901971	2161
8.037822547	2162
8.039808118	2163
8.043110185	2164
8.055179673	2165
8.05882083	2166
8.060066162	2167
8.068441685	2168
8.069534068	2169
8.071769286	2170
8.075321704	2171
8.075419539	2172
8.07549638	2173
8.077345163	2174
8.080478927	2175
8.08392271	2176
8.085821743	2177
8.086072734	2178
8.086448476	2179
8.090098849	2180
8.09069758	2181
8.091260599	2182
8.091678155	2183
8.091909964	2184
8.093392837	2185
8.098639779	2186
8.107189121	2187
8.107833822	2188
8.114000104	2189
8.114168822	2190
8.114208262	2191
8.115301842	2192
8.12042784	2193
8.124593535	2194
8.125233003	2195
8.129352995	2196
8.131068993	2197
8.136246885	2198
8.136394891	2199
8.136436164	2200
8.138836094	2201
8.140759854	2202
8.145640444	2203
8.149448914	2204
8.153485349	2205
8.15526457	2206
8.164233853	2207
8.167941325	2208
8.172823278	2209
8.177704005	2210
8.192777713	2211
8.194888701	2212
8.196442557	2213
8.198738843	2214
8.201882968	2215
8.205239938	2216
8.205558203	2217
8.206949016	2218
8.212069992	2219
8.212824995	2220
8.223345056	2221
8.223603181	2222
8.237250303	2223
8.242243228	2224
8.245520903	2225
8.253602907	2226
8.25638151	2227
8.257493651	2228
8.257573101	2229
8.258307651	2230
8.268058311	2231
8.271332161	2232
8.280701701	2233
8.28100652	2234
8.281178892	2235
8.286986988	2236
8.291041268	2237
8.2925276	2238
8.293260835	2239
8.294827482	2240
8.297421663	2241
8.298103823	2242
8.298915144	2243
8.30013444	2244
8.306529875	2245
8.306899985	2246
8.307361356	2247
8.309336611	2248
8.310428597	2249
8.311640471	2250
8.311821089	2251
8.315747911	2252
8.321569568	2253
8.322538552	2254
8.326556755	2255
8.326723586	2256
8.335037878	2257
8.337452228	2258
8.337676623	2259
8.348380092	2260
8.353175262	2261
8.35334173	2262
8.355265765	2263
8.358045077	2264
8.358836905	2265
8.361687939	2266
8.374516755	2267
8.382330323	2268
8.390199867	2269
8.394384962	2270
8.395096219	2271
8.397642096	2272
8.399443851	2273
8.411581184	2274
8.41596	2275
8.419686112	2276
8.421905558	2277
8.424145411	2278
8.429483501	2279
8.449050198	2280
8.449894799	2281
8.450312617	2282
8.452367262	2283
8.454816497	2284
8.466521181	2285
8.466999287	2286
8.488679166	2287
8.491309268	2288
8.493716495	2289
8.499141054	2290
8.50102057	2291
8.506934312	2292
8.50842943	2293
8.521822848	2294
8.525173589	2295
8.525627796	2296
8.529047442	2297
8.530366708	2298
8.532145315	2299
8.546012167	2300
8.555977695	2301
8.561727466	2302
8.563659213	2303
8.568969827	2304
8.574113626	2305
8.579122639	2306
8.580673397	2307
8.581512624	2308
8.584018608	2309
8.589069801	2310
8.590281099	2311
8.5958011	2312
8.597309757	2313
8.598553115	2314
8.601480212	2315
8.602727903	2316
8.602925531	2317
8.603275047	2318
8.603781084	2319
8.604015507	2320
8.604135667	2321
8.606344817	2322
8.607530184	2323
8.608353142	2324
8.609176659	2325
8.609180783	2326
8.610919482	2327
8.611793349	2328
8.613373458	2329
8.613739283	2330
8.617322881	2331
8.618308071	2332
8.620408544	2333
8.621097583	2334
8.62117189	2335
8.622198815	2336
8.624003361	2337
8.625124336	2338
8.627634568	2339
8.627733339	2340
8.627846488	2341
8.628077783	2342
8.628480706	2343
8.629450235	2344
8.630683823	2345
8.631340208	2346
8.631346648	2347
8.632472472	2348
8.632563632	2349
8.636614976	2350
8.637332734	2351
8.638574859	2352
8.640700919	2353
8.642158478	2354
8.642253387	2355
8.643890876	2356
8.644079298	2357
8.644623242	2358
8.645037582	2359
8.649264763	2360
8.653412102	2361
8.653958205	2362
8.656994082	2363
8.657469768	2364
8.659061342	2365
8.659097492	2366
8.661118204	2367
8.677208974	2368
8.68756161	2369
8.698330077	2370
8.698655495	2371
8.701085064	2372
8.701506176	2373
8.721793183	2374
8.7323157	2375
8.735546613	2376
8.736178863	2377
8.761919973	2378
8.768757371	2379
8.772124607	2380
8.781685858	2381
8.795873925	2382
8.809541591	2383
8.816042327	2384
8.827974484	2385
8.857734425	2386
8.879865223	2387
8.904646047	2388
8.914986337	2389
8.919697907	2390
8.9449582	2391
8.967216801	2392
8.985231963	2393
9.109313074	2394
9.268058391	2395
9.295205421	2396
9.317465301	2397
9.374680734	2398
9.425845613	2399
9.42658049	2400
9.428737164	2401
9.430335465	2402
9.445879484	2403
9.498580666	2404
9.618710355	2405
9.641238488	2406
9.652063126	2407
9.703845433	2408
9.714425719	2409
9.725834025	2410
9.7395448	2411
9.750424101	2412
9.778871228	2413
9.798509489	2414
9.851067156	2415
9.852713835	2416
9.868991664	2417
9.872232738	2418
9.884338077	2419
9.884710933	2420
9.911236853	2421
9.916369217	2422
9.94150735	2423
9.942873867	2424
9.94532199	2425
9.955091007	2426
9.9675819	2427
9.986754147	2428
9.995629501	2429
9.99670257	2430
10.026302899	2431
10.047946666	2432
10.048275539	2433
10.053672701	2434
10.05457055	2435
10.08521762	2436
10.096440326	2437
10.112399324	2438
10.125159201	2439
10.14188385	2440
10.165548362	2441
10.169911268	2442
10.206672346	2443
10.25732745	2444
10.258914285	2445
10.260617188	2446
10.291936821	2447
10.29680978	2448
10.307475523	2449
10.326155159	2450
10.334910186	2451
10.337709794	2452
10.361676371	2453
10.36250532	2454
10.378158991	2455
10.380780713	2456
10.381177843	2457
10.384053392	2458
10.386194905	2459
10.392208705	2460
10.392379376	2461
10.402116185	2462
10.4037406	2463
10.406017995	2464
10.415601962	2465
10.415886411	2466
10.416389649	2467
10.418235158	2468
10.41834554	2469
10.418384566	2470
10.430068127	2471
10.431800586	2472
10.433570515	2473
10.436430861	2474
10.437197846	2475
10.437318065	2476
10.438834878	2477
10.440325248	2478
10.443561992	2479
10.447500078	2480
10.450678598	2481
10.45411725	2482
10.460455561	2483
10.460853	2484
10.463399624	2485
10.469714052	2486
10.470714623	2487
10.471367251	2488
10.477342614	2489
10.480493805	2490
10.48205971	2491
10.487932632	2492
10.497210214	2493
10.506575785	2494
10.536013916	2495
10.579307445	2496
10.669744622	2497
10.674255684	2498
10.677041679	2499
10.683249143	2500
10.686615197	2501
10.690344668	2502
10.695896159	2503
10.696873268	2504
10.698905313	2505
10.706631034	2506
10.709164752	2507
10.710717582	2508
10.713600855	2509
10.718751186	2510
10.727385797	2511
10.732644452	2512
10.738938271	2513
10.741126052	2514
10.743475177	2515
10.747187225	2516
10.75156427	2517
10.760191998	2518
10.766466128	2519
10.768034804	2520
10.783591882	2521
10.797313729	2522
10.804128457	2523
10.807547919	2524
10.810546577	2525
10.822347482	2526
10.825068649	2527
10.828003702	2528
10.831493948	2529
10.835730832	2530
10.836396366	2531
10.8666291	2532
10.8766374	2533
10.901733147	2534
10.90658643	2535
10.932168616	2536
10.9379474	2537
10.942004525	2538
10.952424862	2539
10.961937799	2540
10.969424525	2541
10.975153993	2542
10.97850165	2543
10.991664412	2544
10.996834512	2545
10.999653016	2546
10.999755093	2547
11.012940514	2548
11.013272121	2549
11.018148355	2550
11.03516661	2551
11.035206639	2552
11.051660577	2553
11.054230739	2554
11.060094685	2555
11.066214014	2556
11.077405929	2557
11.07942384	2558
11.084422005	2559
11.087622105	2560
11.088962392	2561
11.093318492	2562
11.094554138	2563
11.099578027	2564
11.102615511	2565
11.10280912	2566
11.105302704	2567
11.126639335	2568
11.145787021	2569
11.148115464	2570
11.189506805	2571
11.244605305	2572
11.273814329	2573
11.283534031	2574
11.315725589	2575
11.324436263	2576
11.325226466	2577
11.382171442	2578
11.38564974	2579
11.412650705	2580
11.414187866	2581
11.459821992	2582
11.503210081	2583
11.536478345	2584
11.548100061	2585
11.575145794	2586
11.674563593	2587
11.700095385	2588
11.700153803	2589
11.742180932	2590
11.745255429	2591
11.749306117	2592
11.77348998	2593
11.774578387	2594
11.793155285	2595
11.809566364	2596
11.816923709	2597
11.829299793	2598
11.872019281	2599
11.928773159	2600
11.944314335	2601
12.09396141	2602
12.165832661	2603
12.194915449	2604
12.196971967	2605
12.203947356	2606
12.358059819	2607
12.445692296	2608
12.490256423	2609
12.543095676	2610
12.558458883	2611
12.585049516	2612
12.616901001	2613
12.641390305	2614
12.643857644	2615
12.644806113	2616
12.657869952	2617
12.686285535	2618
12.705339422	2619
12.709824895	2620
12.724052721	2621
12.738276676	2622
12.752685574	2623
12.855047816	2624
12.877904069	2625
12.893549999	2626
12.905260692	2627
12.935411764	2628
12.9457202	2629
12.961799687	2630
12.969920433	2631
13.018076709	2632
13.020095463	2633
13.0226152	2634
13.037995962	2635
13.05897306	2636
13.102020402	2637
13.130555685	2638
13.156066348	2639
13.169934778	2640
13.225055718	2641
13.232544926	2642
13.34187736	2643
13.562873695	2644
13.59834018	2645
13.644539761	2646
13.664679336	2647
13.70664114	2648
13.77116886	2649
13.868596554	2650
13.954449879	2651
14.012713446	2652
14.079513202	2653
14.132610844	2654
14.148214595	2655
14.196527776	2656
14.283694219	2657
14.412509626	2658
14.41391518	2659
14.414730751	2660
14.426125127	2661
14.432692495	2662
14.435979874	2663
14.436793444	2664
14.449529426	2665
14.452043668	2666
14.542683496	2667
14.600140938	2668
14.600805565	2669
14.635262754	2670
14.638829598	2671
14.657667483	2672
14.683851852	2673
14.697099324	2674
14.705080773	2675
14.728163684	2676
14.733026327	2677
14.742148546	2678
14.742254098	2679
14.74774994	2680
14.761658902	2681
14.81548078	2682
14.841813786	2683
14.877686898	2684
14.990882904	2685
14.9946683	2686
15.065365511	2687
15.112878166	2688
15.157077889	2689
15.166939343	2690
15.296845736	2691
15.30442902	2692
15.311858293	2693
15.31731747	2694
15.332521329	2695
15.33298053	2696
15.405564882	2697
15.411964594	2698
15.428472683	2699
15.448400928	2700
15.453511586	2701
15.464190956	2702
15.469213085	2703
15.484712154	2704
15.507358256	2705
15.508127604	2706
15.519229213	2707
15.549632088	2708
15.551150056	2709
15.555607123	2710
15.559219199	2711
15.564940751	2712
15.573555572	2713
15.584538205	2714
15.60760922	2715
15.638187102	2716
15.651505406	2717
15.652846193	2718
15.655547994	2719
15.669767946	2720
15.676608974	2721
15.688761204	2722
15.710167227	2723
15.748194175	2724
15.756970593	2725
15.76360112	2726
15.849197582	2727
15.8528731	2728
15.873661589	2729
15.898641604	2730
15.945490552	2731
15.966644721	2732
15.999468423	2733
16.014987459	2734
16.040943699	2735
16.053602311	2736
16.105900524	2737
16.128542077	2738
16.131243732	2739
16.134886029	2740
16.173742596	2741
16.196918032	2742
16.219289932	2743
16.235571722	2744
16.262359771	2745
16.270591676	2746
16.286084958	2747
16.313327368	2748
16.321585077	2749
16.385943328	2750
16.436689559	2751
16.473340493	2752
16.510271042	2753
16.514414869	2754
16.520907781	2755
16.529640395	2756
16.56303047	2757
16.576394988	2758
16.584746292	2759
16.634293838	2760
16.718935496	2761
16.72171494	2762
16.729653087	2763
16.748997503	2764
16.757145256	2765
16.76466817	2766
16.781964913	2767
16.791144476	2768
16.815446969	2769
16.818541932	2770
16.835252109	2771
16.85482122	2772
16.857534122	2773
16.882561606	2774
16.890742356	2775
16.930912357	2776
16.947491565	2777
16.974379686	2778
17.035263582	2779
17.05478096	2780
17.085115211	2781
17.10947236	2782
17.168569297	2783
17.193533549	2784
17.208190692	2785
17.241863235	2786
17.278111809	2787
17.287492563	2788
17.293466693	2789
17.351630977	2790
17.362842436	2791
17.45270971	2792
17.471410233	2793
17.487062552	2794
17.540872642	2795
17.54314947	2796
17.557022857	2797
17.604508188	2798
17.622726687	2799
17.629895251	2800
17.683707652	2801
17.687627042	2802
17.759378999	2803
17.84145578	2804
17.853956212	2805
17.865568276	2806
17.900697565	2807
17.903120074	2808
17.99477594	2809
17.996708889	2810
18.098032915	2811
18.157791073	2812
18.245008725	2813
18.248293361	2814
18.290346431	2815
18.358581479	2816
18.40301238	2817
18.403967959	2818
18.419437933	2819
18.452583602	2820
18.454902754	2821
18.460262065	2822
18.469039621	2823
18.469749318	2824
18.478903559	2825
18.485350186	2826
18.49586547	2827
18.513247238	2828
18.514929371	2829
18.534524887	2830
18.546472249	2831
18.550365582	2832
18.555518395	2833
18.557456985	2834
18.559460737	2835
18.560102303	2836
18.567519691	2837
18.568867909	2838
18.574875176	2839
18.575882849	2840
18.579922842	2841
18.580332758	2842
18.582050292	2843
18.584658333	2844
18.586727153	2845
18.586838291	2846
18.588672634	2847
18.588686207	2848
18.594181073	2849
18.597786503	2850
18.600726242	2851
18.603692896	2852
18.615767326	2853
18.620102373	2854
18.62931105	2855
18.629611324	2856
18.640565086	2857
18.643718434	2858
18.644096309	2859
18.648795235	2860
18.658018552	2861
18.66017981	2862
18.667112999	2863
18.669331287	2864
18.680001783	2865
18.684273397	2866
18.726423447	2867
18.747956787	2868
18.750970126	2869
18.766511315	2870
18.900602669	2871
18.941154063	2872
18.960513701	2873
18.981448805	2874
19.054246338	2875
19.082102909	2876
19.134316875	2877
19.134960152	2878
19.148051707	2879
19.152671157	2880
19.176036771	2881
19.217413544	2882
19.217987316	2883
19.232569357	2884
19.304423916	2885
19.317214505	2886
19.391539408	2887
19.423779481	2888
19.449356332	2889
19.474153084	2890
19.50355676	2891
19.519803478	2892
19.527244798	2893
19.536403116	2894
19.615899843	2895
19.726744602	2896
19.917850903	2897
20.038447457	2898
20.066282725	2899
20.076306681	2900
20.098907577	2901
20.216116353	2902
20.280131595	2903
20.574431292	2904
20.596773197	2905
20.644511672	2906
20.725075196	2907
20.783284309	2908
20.87033467	2909
20.921605239	2910
21.14951244	2911
21.169906211	2912
21.177710269	2913
21.21700246	2914
21.408186604	2915
21.446783997	2916
21.713617717	2917
21.743395326	2918
21.897754539	2919
21.933803606	2920
22.03070636	2921
22.079729444	2922
22.12086309	2923
22.159996416	2924
22.196843674	2925
22.432334732	2926
22.435991013	2927
22.516357358	2928
22.80018389	2929
22.801072932	2930
22.848509883	2931
22.874791591	2932
23.025772436	2933
23.129817083	2934
23.302481213	2935
23.38536322	2936
23.424782486	2937
23.433940625	2938
23.547384359	2939
24.091909543	2940
24.449368743	2941
24.496118805	2942
24.699040412	2943
24.729962086	2944
25.083933519	2945
25.514379355	2946
25.536580039	2947
25.563546966	2948
26.642986208	2949
26.775082757	2950
27.36627929	2951
27.705900954	2952
28.627570205	2953
28.753421465	2954
29.001973442	2955
29.076991801	2956
29.168687645	2957
29.494139052	2958
29.678685064	2959
29.729576593	2960
30.121532006	2961
31.037279323	2962
31.037727708	2963
31.160857801	2964
31.791326561	2965
31.823758271	2966
31.980082898	2967
32.003833541	2968
32.041491175	2969
32.427012793	2970
32.61271605	2971
32.637094588	2972
32.961489015	2973
33.631431377	2974
33.737377603	2975
34.177662288	2976
34.266006388	2977
34.309033972	2978
34.389583607	2979
34.567569015	2980
34.712292143	2981
34.713610605	2982
35.590714552	2983
36.307948933	2984
36.352407695	2985
36.733661905	2986
37.311399486	2987
37.730966447	2988
37.764612441	2989
38.295155256	2990
38.366023193	2991
38.547297736	2992
38.944492158	2993
39.295608757	2994
39.610221525	2995
39.712319686	2996
39.922283684	2997
39.979123532	2998
40.084073427	2999
40.285730212	3000
40.70677725	3001
41.314873605	3002
41.54003508	3003
41.660839369	3004
41.705484654	3005
41.722041702	3006
41.829721215	3007
41.918884786	3008
42.132246855	3009
42.445406284	3010
42.662843068	3011
43.169242553	3012
43.240244943	3013
43.495665139	3014
43.524729416	3015
44.786201904	3016
44.788580528	3017
44.901331083	3018
45.326590532	3019
46.333684964	3020
46.348471287	3021
46.750946135	3022
46.986364167	3023
47.101566194	3024
48.538416496	3025
48.671085309	3026
48.701058668	3027
48.730364277	3028
48.808240682	3029
48.80926394	3030
48.837433058	3031
48.988492733	3032
49.102381312	3033
50.072648611	3034
50.198325035	3035
50.425470613	3036
50.444826001	3037
50.50814384	3038
50.566745618	3039
50.591004689	3040
51.28868277	3041
51.628089532	3042
51.71597114	3043
51.849655543	3044
52.041087534	3045
52.125645416	3046
52.393683008	3047
52.471772778	3048
53.088600743	3049
53.115124768	3050
53.121765149	3051
53.243131153	3052
53.387859205	3053
53.650019643	3054
53.897537024	3055
54.045096173	3056
54.449343717	3057
55.095742835	3058
55.189943181	3059
55.315178208	3060
55.458696699	3061
55.576493008	3062
55.723074203	3063
56.118522718	3064
56.147842929	3065
56.240200829	3066
56.482626293	3067
57.170096589	3068
57.890462022	3069
57.989285016	3070
58.351459521	3071
58.537423199	3072
59.84971925	3073
60.333176887	3074
60.378326335	3075
60.395955284	3076
60.765089254	3077
61.513072194	3078
63.347792436	3079
63.425420291	3080
63.656402863	3081
63.911351822	3082
65.373178998	3083
66.070106322	3084
66.432223877	3085
66.722683451	3086
67.376959319	3087
68.552918554	3088
68.782963997	3089
70.305504983	3090
70.322854803	3091
70.33836269	3092
71.089032865	3093
72.863503097	3094
73.546902937	3095
74.668757424	3096
75.830237742	3097
76.813931441	3098
77.342787729	3099
78.277268348	3100
78.545362754	3101
80.07507244	3102
80.465939019	3103
80.838712307	3104
82.278101485	3105
82.79933475	3106
83.421198373	3107
83.813003271	3108
83.837430571	3109
84.162256848	3110
84.600742461	3111
86.864278822	3112
89.718819395	3113
93.095566027	3114
95.481273487	3115
96.348142895	3116
96.806149403	3117
98.148440066	3118
98.718187671	3119
99.065894337	3120
101.06557886	3121
101.235523478	3122
102.107645611	3123
104.158645	3124
104.847568945	3125
105.50431642	3126
105.671695569	3127
106.339673361	3128
106.583284409	3129
108.091762983	3130
108.24634083	3131
109.432881165	3132
114.311907407	3133
116.232523719	3134
117.547636594	3135
117.75269861	3136
118.072534259	3137
118.279021131	3138
120.971527951	3139
121.200211691	3140
124.818377523	3141
145.543293085	3142
147.888841465	3143
169.724640665	3144
180.102453663	3145
266.11399684	3146
974.34641214	3147
1109.058780111	3148
1164.998963253	3149
