10.870348133	1
10.881683798	2
10.891498238	3
10.906174991	4
10.906444354	5
10.910922099	6
10.911261907	7
10.915918858	8
10.919741641	9
10.924934684	10
10.929998476	11
10.932470334	12
10.935110458	13
10.936894924	14
10.938710302	15
10.939888907	16
10.94579386	17
10.951519532	18
10.951532015	19
10.951805096	20
10.957126175	21
10.961806767	22
10.962031873	23
10.962129297	24
10.965738659	25
10.966704521	26
10.969890751	27
10.970050921	28
10.976804051	29
10.977572193	30
10.979625836	31
10.982546414	32
10.9840567	33
10.988608369	34
10.99430358	35
10.997574408	36
11.001000524	37
11.009058838	38
11.020410744	39
11.037627388	40
11.123328029	41
11.126827251	42
11.131523154	43
11.131695274	44
11.139277378	45
11.145375809	46
11.150351192	47
11.152896367	48
11.153247344	49
11.157852265	50
11.157926343	51
11.158930195	52
11.160529549	53
11.160672523	54
11.162369472	55
11.164032714	56
11.166439847	57
11.167466087	58
11.167691476	59
11.167848536	60
11.168086926	61
11.169387916	62
11.169470991	63
11.169550874	64
11.170216289	65
11.172341561	66
11.172542221	67
11.174045813	68
11.175147871	69
11.175249396	70
11.178876676	71
11.179191618	72
11.180420201	73
11.180545303	74
11.181903633	75
11.182594318	76
11.182982841	77
11.183495687	78
11.184248451	79
11.187641118	80
11.188782001	81
11.191772788	82
11.1921175	83
11.192240055	84
11.193176973	85
11.194334837	86
11.194425703	87
11.195943104	88
11.197240339	89
11.197890957	90
11.198582645	91
11.199291076	92
11.200187314	93
11.202561088	94
11.202668238	95
11.202748686	96
11.2036573	97
11.203772741	98
11.204954111	99
11.205125014	100
11.205236734	101
11.205577923	102
11.206446049	103
11.206916293	104
11.207287993	105
11.207769218	106
11.208168837	107
11.208575918	108
11.208723601	109
11.20926775	110
11.211894984	111
11.212790872	112
11.214547366	113
11.214722764	114
11.215058452	115
11.215184185	116
11.216253318	117
11.216888175	118
11.21810336	119
11.218887134	120
11.219112226	121
11.220013619	122
11.220651443	123
11.22093094	124
11.221927197	125
11.221998398	126
11.222216501	127
11.22239871	128
11.222722169	129
11.222749161	130
11.223707988	131
11.224998371	132
11.225228439	133
11.226504925	134
11.227752872	135
11.228501281	136
11.229755574	137
11.230077059	138
11.230502915	139
11.231853091	140
11.232036065	141
11.232884301	142
11.233149081	143
11.233353015	144
11.233919796	145
11.234421423	146
11.234646917	147
11.234696267	148
11.236551073	149
11.238596343	150
11.239266544	151
11.24046642	152
11.240590261	153
11.24343181	154
11.24447278	155
11.247290793	156
11.247859205	157
11.247992734	158
11.248246912	159
11.250557625	160
11.251390711	161
11.251414515	162
11.251586373	163
11.251692033	164
11.251748551	165
11.252965224	166
11.253322483	167
11.255309525	168
11.255399222	169
11.256306712	170
11.258765203	171
11.270068402	172
11.271084835	173
11.273883805	174
11.277000614	175
11.277857797	176
11.28093765	177
11.298227017	178
11.300735485	179
11.304086965	180
11.31073453	181
11.316693801	182
11.415786099	183
11.419146775	184
11.421055228	185
11.425187803	186
11.429339055	187
11.433719567	188
11.439313683	189
11.444489509	190
11.446136277	191
11.451451107	192
11.453662493	193
11.46098942	194
11.461998279	195
11.467368353	196
11.467925971	197
11.474246053	198
11.474657357	199
11.475287714	200
11.476671493	201
11.478360709	202
11.478634585	203
11.479255779	204
11.483641659	205
11.484079938	206
11.488105186	207
11.493976989	208
11.501445284	209
11.504411509	210
11.507400297	211
11.508041328	212
11.519379778	213
11.553295354	214
11.637790383	215
11.645589765	216
11.66825563	217
11.66841007	218
11.669594778	219
11.670887983	220
11.673281632	221
11.674175136	222
11.679794952	223
11.680295977	224
11.680573181	225
11.687400661	226
11.694853951	227
11.700877309	228
11.703220503	229
11.705995344	230
11.706578923	231
11.715304165	232
11.719135068	233
11.720975656	234
11.722993905	235
11.725014602	236
11.732071968	237
11.736622909	238
11.759318387	239
11.767737706	240
11.768406108	241
11.779240708	242
11.783555416	243
11.786332251	244
11.7891902	245
11.870421694	246
11.873329797	247
11.874779697	248
11.878101754	249
11.879026965	250
11.879062567	251
11.882262202	252
11.884700965	253
11.885369049	254
11.886849886	255
11.889872017	256
11.892029488	257
11.895612801	258
11.895810805	259
11.89853214	260
11.898978071	261
11.89976673	262
11.903270108	263
11.904418076	264
11.904456846	265
11.906859411	266
11.907409576	267
11.90970809	268
11.910674577	269
11.911168905	270
11.911755275	271
11.913585436	272
11.914032024	273
11.915223114	274
11.916012992	275
11.916923435	276
11.918037375	277
11.918314189	278
11.918883165	279
11.919148776	280
11.919662337	281
11.91986349	282
11.920403165	283
11.920454754	284
11.920529422	285
11.921565775	286
11.921879943	287
11.922891918	288
11.923392933	289
11.923687983	290
11.92684196	291
11.928953081	292
11.92913556	293
11.929824817	294
11.930227561	295
11.93054555	296
11.933083649	297
11.933283952	298
11.933775461	299
11.934143328	300
11.934252297	301
11.934590732	302
11.934658801	303
11.93655181	304
11.937053505	305
11.937525294	306
11.938386131	307
11.93851093	308
11.940181708	309
11.940487731	310
11.94063379	311
11.94071558	312
11.940785066	313
11.94098346	314
11.941264658	315
11.942500003	316
11.942862199	317
11.943598008	318
11.944999394	319
11.945807229	320
11.946032312	321
11.946397535	322
11.947123467	323
11.94739996	324
11.947541597	325
11.947663477	326
11.94803633	327
11.948071215	328
11.948098352	329
11.948262389	330
11.949599413	331
11.950075515	332
11.950252161	333
11.952151994	334
11.952467789	335
11.952837273	336
11.95331199	337
11.954074461	338
11.954347953	339
11.954622571	340
11.955761782	341
11.956079903	342
11.956190324	343
11.958821189	344
11.959034617	345
11.959318882	346
11.959789757	347
11.959805947	348
11.960370873	349
11.960475994	350
11.961239537	351
11.961413883	352
11.962367339	353
11.962457751	354
11.963101664	355
11.963597242	356
11.963667061	357
11.963707336	358
11.964480464	359
11.965831073	360
11.966369645	361
11.966384812	362
11.967231724	363
11.967692344	364
11.968166056	365
11.968303822	366
11.968566844	367
11.968580778	368
11.968669095	369
11.968719162	370
11.96878741	371
11.969996177	372
11.970373093	373
11.971184079	374
11.972378392	375
11.973402555	376
11.973743113	377
11.973927105	378
11.975478153	379
11.975584629	380
11.976064114	381
11.976247176	382
11.976992107	383
11.977867661	384
11.978150958	385
11.978153797	386
11.978181265	387
11.979607786	388
11.97978168	389
11.979938679	390
11.980557162	391
11.981301	392
11.981433039	393
11.982348023	394
11.982479935	395
11.982499092	396
11.983427389	397
11.986529539	398
11.987467508	399
11.987666805	400
11.988266427	401
11.991553366	402
11.99196563	403
11.99372555	404
11.994354906	405
11.995288527	406
11.997125732	407
11.999018374	408
12.000916916	409
12.00190415	410
12.001969272	411
12.00324736	412
12.003670253	413
12.004191217	414
12.004506992	415
12.004946386	416
12.005919717	417
12.006686929	418
12.008993803	419
12.01459893	420
12.014800586	421
12.015052216	422
12.016592353	423
12.018182196	424
12.021570868	425
12.022997055	426
12.024456894	427
12.035161164	428
12.036835747	429
12.040468173	430
12.063965551	431
12.080589411	432
12.084877319	433
12.104173327	434
12.117036698	435
12.122015979	436
12.128619821	437
12.128705291	438
12.129759629	439
12.13066156	440
12.130723379	441
12.136652378	442
12.139638622	443
12.14324532	444
12.143404782	445
12.146220455	446
12.14672733	447
12.14689346	448
12.148771693	449
12.149347762	450
12.15168403	451
12.151971979	452
12.15246367	453
12.154062973	454
12.154332596	455
12.154641314	456
12.154977032	457
12.155242466	458
12.155368399	459
12.155374965	460
12.156379804	461
12.15753187	462
12.157563	463
12.157607126	464
12.158984072	465
12.159952711	466
12.159973383	467
12.161177854	468
12.161397099	469
12.162330586	470
12.163046566	471
12.163314145	472
12.164847171	473
12.164967786	474
12.165490617	475
12.165514875	476
12.167106499	477
12.167518609	478
12.167711358	479
12.167931641	480
12.168475071	481
12.168619385	482
12.168987374	483
12.169615551	484
12.169654735	485
12.16991776	486
12.170070425	487
12.170345946	488
12.170448057	489
12.171363924	490
12.171457384	491
12.172660836	492
12.172768861	493
12.173623268	494
12.173696638	495
12.174182283	496
12.174814141	497
12.174913314	498
12.175582915	499
12.175647725	500
12.176649273	501
12.177073444	502
12.177464213	503
12.177561889	504
12.177949191	505
12.177977347	506
12.178048117	507
12.178108562	508
12.17820296	509
12.178751862	510
12.178779266	511
12.178884551	512
12.178970874	513
12.178991178	514
12.179083643	515
12.179132132	516
12.179204245	517
12.17991372	518
12.179922219	519
12.180220506	520
12.180519028	521
12.180834786	522
12.180865173	523
12.181106122	524
12.181691658	525
12.181920166	526
12.18193548	527
12.182017828	528
12.182195084	529
12.182422171	530
12.182487145	531
12.182856232	532
12.183682317	533
12.184101023	534
12.18415135	535
12.184383899	536
12.18468954	537
12.184987563	538
12.185158064	539
12.185709261	540
12.18705985	541
12.187164048	542
12.187515781	543
12.188000298	544
12.188438909	545
12.188448021	546
12.188842818	547
12.188855511	548
12.189103112	549
12.189150734	550
12.189569334	551
12.19014802	552
12.190383512	553
12.190509557	554
12.190885688	555
12.191810812	556
12.191812133	557
12.192078706	558
12.192353291	559
12.192607176	560
12.192669652	561
12.192688279	562
12.193061563	563
12.193179212	564
12.193394071	565
12.194233287	566
12.194291384	567
12.194476145	568
12.194580987	569
12.194613151	570
12.194627485	571
12.194791025	572
12.194876156	573
12.19487783	574
12.195231514	575
12.195245339	576
12.195543032	577
12.19575416	578
12.195808522	579
12.195850219	580
12.195873692	581
12.196222514	582
12.19682939	583
12.196857906	584
12.196982388	585
12.197007459	586
12.197541336	587
12.197734979	588
12.197759604	589
12.198033727	590
12.198158307	591
12.198427725	592
12.198468268	593
12.198624614	594
12.198956909	595
12.199198563	596
12.199560924	597
12.199898235	598
12.200031947	599
12.200321744	600
12.200424373	601
12.200508779	602
12.200625133	603
12.201242538	604
12.20125303	605
12.201301537	606
12.201453118	607
12.201484931	608
12.201676487	609
12.201685772	610
12.201818894	611
12.202147996	612
12.202243493	613
12.202246664	614
12.202491541	615
12.202702731	616
12.202899647	617
12.202927885	618
12.203166601	619
12.203536831	620
12.203627856	621
12.203752727	622
12.203837916	623
12.203905324	624
12.204249457	625
12.204421929	626
12.204621461	627
12.205247952	628
12.205769682	629
12.205847855	630
12.205865442	631
12.205920301	632
12.2060983	633
12.206305435	634
12.206348842	635
12.207037603	636
12.207152614	637
12.207282422	638
12.207388732	639
12.20739658	640
12.208150666	641
12.208341914	642
12.208352236	643
12.208359953	644
12.208517321	645
12.208937985	646
12.209349591	647
12.209407615	648
12.209422005	649
12.209695956	650
12.209696706	651
12.209709203	652
12.20996284	653
12.210159776	654
12.210454216	655
12.21062706	656
12.210632119	657
12.210657994	658
12.2110548	659
12.211270578	660
12.211552983	661
12.211576331	662
12.211786517	663
12.211967508	664
12.212217719	665
12.212275133	666
12.212934883	667
12.213011684	668
12.213069444	669
12.213644731	670
12.21377804	671
12.213884881	672
12.213939184	673
12.21444376	674
12.214725332	675
12.214769472	676
12.214965479	677
12.215039858	678
12.215248181	679
12.215358303	680
12.215503458	681
12.215875441	682
12.21603506	683
12.216052475	684
12.216058833	685
12.216162495	686
12.216210377	687
12.216446305	688
12.216594322	689
12.216699954	690
12.216761711	691
12.217203607	692
12.217434754	693
12.217447437	694
12.217564655	695
12.217653257	696
12.217655117	697
12.217713955	698
12.217914179	699
12.218003197	700
12.218161312	701
12.218209845	702
12.218478535	703
12.218485194	704
12.218711433	705
12.218772531	706
12.218793082	707
12.219024084	708
12.219082659	709
12.219249655	710
12.220134649	711
12.220178927	712
12.22055762	713
12.220626716	714
12.220679327	715
12.220778521	716
12.221009201	717
12.221220794	718
12.221280818	719
12.22154504	720
12.221761513	721
12.221787692	722
12.221832885	723
12.221840316	724
12.222353111	725
12.222784481	726
12.223131971	727
12.223144739	728
12.223338166	729
12.22337037	730
12.223449674	731
12.223694199	732
12.223724808	733
12.2238424	734
12.223916076	735
12.223947562	736
12.224319066	737
12.224390778	738
12.224468249	739
12.224876399	740
12.224917833	741
12.224978845	742
12.225031981	743
12.225430081	744
12.22571392	745
12.226141244	746
12.226270881	747
12.22628953	748
12.226662422	749
12.22673941	750
12.226890085	751
12.227321331	752
12.227432559	753
12.227460809	754
12.227764125	755
12.227898892	756
12.227901772	757
12.228517856	758
12.22868053	759
12.228786052	760
12.228840656	761
12.229107042	762
12.229257349	763
12.229299757	764
12.229351935	765
12.229652218	766
12.229732463	767
12.229878874	768
12.230089203	769
12.230324629	770
12.230419262	771
12.230543972	772
12.230716632	773
12.230887276	774
12.230970107	775
12.231630777	776
12.231985965	777
12.232041585	778
12.232280732	779
12.232812869	780
12.233763411	781
12.233917687	782
12.234085942	783
12.234101186	784
12.234267824	785
12.234552095	786
12.23492826	787
12.235116913	788
12.235250207	789
12.235611429	790
12.235808655	791
12.236006741	792
12.236046743	793
12.237210801	794
12.237261597	795
12.237534183	796
12.237987744	797
12.237991348	798
12.238363008	799
12.239146294	800
12.239435954	801
12.24009281	802
12.240683787	803
12.240973083	804
12.241079777	805
12.242031649	806
12.242261005	807
12.242895332	808
12.242957831	809
12.243340431	810
12.243617113	811
12.243786937	812
12.244180489	813
12.244298466	814
12.244440066	815
12.244953809	816
12.245027048	817
12.245070138	818
12.245093638	819
12.245135148	820
12.245184422	821
12.245464721	822
12.245773541	823
12.246258922	824
12.246317145	825
12.246615659	826
12.246750909	827
12.247144141	828
12.247224911	829
12.247483588	830
12.248627433	831
12.248778403	832
12.249055021	833
12.249529213	834
12.24955039	835
12.249592924	836
12.250036497	837
12.250446035	838
12.250530064	839
12.250558882	840
12.251191181	841
12.251787905	842
12.251844522	843
12.252009014	844
12.252172955	845
12.25263698	846
12.252830414	847
12.252835269	848
12.253186028	849
12.253203951	850
12.253268502	851
12.253308655	852
12.25331503	853
12.253644769	854
12.253906565	855
12.25447231	856
12.254587518	857
12.255250686	858
12.255362745	859
12.255686866	860
12.255788148	861
12.256700859	862
12.256773256	863
12.256879507	864
12.257046919	865
12.257513039	866
12.25885137	867
12.259060486	868
12.259107555	869
12.259401666	870
12.260101995	871
12.261411392	872
12.263800696	873
12.26403659	874
12.264803002	875
12.265239446	876
12.265619045	877
12.266258501	878
12.266659883	879
12.267425153	880
12.267748987	881
12.268193624	882
12.268292607	883
12.270322091	884
12.270530837	885
12.27221303	886
12.272276777	887
12.27265019	888
12.272663726	889
12.272786936	890
12.273014918	891
12.273194515	892
12.273515383	893
12.273686985	894
12.273782848	895
12.274546055	896
12.276634684	897
12.2770164	898
12.27780638	899
12.278314335	900
12.280414153	901
12.280715927	902
12.280854498	903
12.28090074	904
12.281809251	905
12.281904864	906
12.28236267	907
12.284749735	908
12.285203557	909
12.286138425	910
12.292871468	911
12.296628886	912
12.297766083	913
12.299603405	914
12.308539459	915
12.317326865	916
12.319821112	917
12.349502327	918
12.378278581	919
12.392394031	920
12.392450263	921
12.40023396	922
12.401665233	923
12.40576037	924
12.407917703	925
12.412740375	926
12.416015931	927
12.416950574	928
12.417602746	929
12.417942642	930
12.418583744	931
12.421629955	932
12.42614877	933
12.427506122	934
12.428088507	935
12.429261083	936
12.431242497	937
12.431933574	938
12.433112405	939
12.434067169	940
12.435140369	941
12.437728053	942
12.438059616	943
12.440825814	944
12.44117051	945
12.442848466	946
12.44326423	947
12.44456924	948
12.446606743	949
12.446789344	950
12.447208877	951
12.449269257	952
12.450700878	953
12.451586545	954
12.452962092	955
12.453628444	956
12.454418234	957
12.455770738	958
12.455888953	959
12.457297361	960
12.459548845	961
12.460188363	962
12.460870806	963
12.462842706	964
12.463709148	965
12.46429908	966
12.464925354	967
12.464965634	968
12.465744879	969
12.466406535	970
12.466514773	971
12.466945869	972
12.468598931	973
12.470058273	974
12.470541813	975
12.470757382	976
12.470869085	977
12.472996234	978
12.475412341	979
12.475887392	980
12.476242429	981
12.476542343	982
12.477737801	983
12.478348853	984
12.480164656	985
12.481012065	986
12.481848501	987
12.481900787	988
12.483609031	989
12.484909019	990
12.485002414	991
12.48521169	992
12.485260216	993
12.485489088	994
12.486317544	995
12.487501973	996
12.488661217	997
12.488666899	998
12.489897359	999
12.490016734	1000
12.490084433	1001
12.491376081	1002
12.491466908	1003
12.491856298	1004
12.492086002	1005
12.49275447	1006
12.492990871	1007
12.493350141	1008
12.493608949	1009
12.494178381	1010
12.497146589	1011
12.497879858	1012
12.498543522	1013
12.499012286	1014
12.499263286	1015
12.499421096	1016
12.499996448	1017
12.500537591	1018
12.500626618	1019
12.500999758	1020
12.501980593	1021
12.501984658	1022
12.502334291	1023
12.503831936	1024
12.504746946	1025
12.505074157	1026
12.505691423	1027
12.506435526	1028
12.506671468	1029
12.506685177	1030
12.509286283	1031
12.511254458	1032
12.512024356	1033
12.512100477	1034
12.513779153	1035
12.513832211	1036
12.515597851	1037
12.516843928	1038
12.518672214	1039
12.518835493	1040
12.519083399	1041
12.521305928	1042
12.522014832	1043
12.52215772	1044
12.525412922	1045
12.526252696	1046
12.52728587	1047
12.536369984	1048
12.539490428	1049
12.539605398	1050
12.54050508	1051
12.542739758	1052
12.544663857	1053
12.548437184	1054
12.556626075	1055
12.566955765	1056
12.567641515	1057
12.570439883	1058
12.611759747	1059
12.647073474	1060
12.648212246	1061
12.648952512	1062
12.649220126	1063
12.650118906	1064
12.653103594	1065
12.654289176	1066
12.658595855	1067
12.659017302	1068
12.663046667	1069
12.663431534	1070
12.664802353	1071
12.665252623	1072
12.670124379	1073
12.6703779	1074
12.673757937	1075
12.67600834	1076
12.678839373	1077
12.679237226	1078
12.67948724	1079
12.682867091	1080
12.683455629	1081
12.683797507	1082
12.685204884	1083
12.685533131	1084
12.685777908	1085
12.687225638	1086
12.687422681	1087
12.687700649	1088
12.688543408	1089
12.689990606	1090
12.693061563	1091
12.693399394	1092
12.693910214	1093
12.694070976	1094
12.695948736	1095
12.696372882	1096
12.697659131	1097
12.701209451	1098
12.702585337	1099
12.702959641	1100
12.706158461	1101
12.706446613	1102
12.70663711	1103
12.707741144	1104
12.712901583	1105
12.713818293	1106
12.71538296	1107
12.716015779	1108
12.719322366	1109
12.719702336	1110
12.720028425	1111
12.720450427	1112
12.720845916	1113
12.721726387	1114
12.722521951	1115
12.723960081	1116
12.72644892	1117
12.726543767	1118
12.727765928	1119
12.728238216	1120
12.73013336	1121
12.730899713	1122
12.73091546	1123
12.731552879	1124
12.733124151	1125
12.733746258	1126
12.734724861	1127
12.735124774	1128
12.737776014	1129
12.738014734	1130
12.73813825	1131
12.738306828	1132
12.738529432	1133
12.739285644	1134
12.740294734	1135
12.741026798	1136
12.744214029	1137
12.744638668	1138
12.746991634	1139
12.747398011	1140
12.74992983	1141
12.750879207	1142
12.753872989	1143
12.754435552	1144
12.755339647	1145
12.755824682	1146
12.757624876	1147
12.758128182	1148
12.760235304	1149
12.760471999	1150
12.761160831	1151
12.762069024	1152
12.763122009	1153
12.765957659	1154
12.767944062	1155
12.768163282	1156
12.768498222	1157
12.768576063	1158
12.772597062	1159
12.773071021	1160
12.774148518	1161
12.775825722	1162
12.775906533	1163
12.776036104	1164
12.776510288	1165
12.77686181	1166
12.779889874	1167
12.781655714	1168
12.783819375	1169
12.790725992	1170
12.793009405	1171
12.793998683	1172
12.7969506	1173
12.800742496	1174
12.801445874	1175
12.801573113	1176
12.812758974	1177
12.827111836	1178
12.829802291	1179
12.858337596	1180
12.869895029	1181
12.879463622	1182
12.88763607	1183
12.890240902	1184
12.891348347	1185
12.897855974	1186
12.905525646	1187
12.906401584	1188
12.90698446	1189
12.9071448	1190
12.91634371	1191
12.919766654	1192
12.923222307	1193
12.924922044	1194
12.925333271	1195
12.925606581	1196
12.927091278	1197
12.928768467	1198
12.931602738	1199
12.933746219	1200
12.936267415	1201
12.940437298	1202
12.941653751	1203
12.941915926	1204
12.943760912	1205
12.944205348	1206
12.946481433	1207
12.950842278	1208
12.951917353	1209
12.952013697	1210
12.954395741	1211
12.960615414	1212
12.962708218	1213
12.963502433	1214
12.963776316	1215
12.966957383	1216
12.968707737	1217
12.969753863	1218
12.970499047	1219
12.972684394	1220
12.974849265	1221
12.977455253	1222
12.979778501	1223
12.980740774	1224
12.982307988	1225
12.982504806	1226
12.985323611	1227
12.98790274	1228
12.988521266	1229
12.988621991	1230
12.990675338	1231
12.993609497	1232
12.993858766	1233
12.994623978	1234
12.995249753	1235
12.995350967	1236
12.995945813	1237
12.996324338	1238
12.996610801	1239
12.997983219	1240
12.999784877	1241
13.000546373	1242
13.001649879	1243
13.001954806	1244
13.002320454	1245
13.002752344	1246
13.00512883	1247
13.005663952	1248
13.006611583	1249
13.008179705	1250
13.010857163	1251
13.012761285	1252
13.013730053	1253
13.015079608	1254
13.01723612	1255
13.018705256	1256
13.01994212	1257
13.021427697	1258
13.026844263	1259
13.027140134	1260
13.027885193	1261
13.029152251	1262
13.030206061	1263
13.030716535	1264
13.030895513	1265
13.031859157	1266
13.032223264	1267
13.035151305	1268
13.036662415	1269
13.037260767	1270
13.040098143	1271
13.040193322	1272
13.044444387	1273
13.046048227	1274
13.048606458	1275
13.0493539	1276
13.049511853	1277
13.051152755	1278
13.053742222	1279
13.055378578	1280
13.057093954	1281
13.062529836	1282
13.064211163	1283
13.068369138	1284
13.075132731	1285
13.115968004	1286
13.154194111	1287
13.159441655	1288
13.167166975	1289
13.16833255	1290
13.17955675	1291
13.186010582	1292
13.189572449	1293
13.194314729	1294
13.195593071	1295
13.198701149	1296
13.201131842	1297
13.202536699	1298
13.205326148	1299
13.206151045	1300
13.206208534	1301
13.207593004	1302
13.210512313	1303
13.214277287	1304
13.214325266	1305
13.215866104	1306
13.217663654	1307
13.217696901	1308
13.218059749	1309
13.220546924	1310
13.222075487	1311
13.223914316	1312
13.224892604	1313
13.225149718	1314
13.229796015	1315
13.230896097	1316
13.231369035	1317
13.233954488	1318
13.235071835	1319
13.236061584	1320
13.236356356	1321
13.238353883	1322
13.239013501	1323
13.239324965	1324
13.240573146	1325
13.240748372	1326
13.243005077	1327
13.244922551	1328
13.245506877	1329
13.245911405	1330
13.24600029	1331
13.246387637	1332
13.247578567	1333
13.24901397	1334
13.250587681	1335
13.250866529	1336
13.252053775	1337
13.253122932	1338
13.258311606	1339
13.260196357	1340
13.261049369	1341
13.261123217	1342
13.261486636	1343
13.262296906	1344
13.266624162	1345
13.267101651	1346
13.268544377	1347
13.268820874	1348
13.269518273	1349
13.270796044	1350
13.273976173	1351
13.27727287	1352
13.277313832	1353
13.279068579	1354
13.280888351	1355
13.283002347	1356
13.287942888	1357
13.290093147	1358
13.293623802	1359
13.307135281	1360
13.307802976	1361
13.308039057	1362
13.308095698	1363
13.308719653	1364
13.311278822	1365
13.321175266	1366
13.334951622	1367
13.344447895	1368
13.376571454	1369
13.382246288	1370
13.39053225	1371
13.410790322	1372
13.416242176	1373
13.42214844	1374
13.422979184	1375
13.423083494	1376
13.42575159	1377
13.426665925	1378
13.429634826	1379
13.432377721	1380
13.434279168	1381
13.437415888	1382
13.438332919	1383
13.43989361	1384
13.444093375	1385
13.444292404	1386
13.449874985	1387
13.451224956	1388
13.453325793	1389
13.453707297	1390
13.455617491	1391
13.457271749	1392
13.458223287	1393
13.459482825	1394
13.460538296	1395
13.460722024	1396
13.461326243	1397
13.463344341	1398
13.464433182	1399
13.464594558	1400
13.467331533	1401
13.469035727	1402
13.469064954	1403
13.470506305	1404
13.47084316	1405
13.471866997	1406
13.473356796	1407
13.474017157	1408
13.475805753	1409
13.477128002	1410
13.4801118	1411
13.480224716	1412
13.481284465	1413
13.486216875	1414
13.486829594	1415
13.486931616	1416
13.488959847	1417
13.489245737	1418
13.48958034	1419
13.489957099	1420
13.493132785	1421
13.493580542	1422
13.495565236	1423
13.496972063	1424
13.500938846	1425
13.50121103	1426
13.501965892	1427
13.50645036	1428
13.507068744	1429
13.507301256	1430
13.510810533	1431
13.512504511	1432
13.513408561	1433
13.515503367	1434
13.518765907	1435
13.519227604	1436
13.523430571	1437
13.528519037	1438
13.529014368	1439
13.535361416	1440
13.538338186	1441
13.543410698	1442
13.54371952	1443
13.547779882	1444
13.551571891	1445
13.555439623	1446
13.556682728	1447
13.55908738	1448
13.566594227	1449
13.572887373	1450
13.588855594	1451
13.595258419	1452
13.601305619	1453
13.604380546	1454
13.616166528	1455
13.623571897	1456
13.646223272	1457
13.646593221	1458
13.654458483	1459
13.656997055	1460
13.66940359	1461
13.672757893	1462
13.675041202	1463
13.67620571	1464
13.680566128	1465
13.681415287	1466
13.683672633	1467
13.688536298	1468
13.689448541	1469
13.693532177	1470
13.693877707	1471
13.697733279	1472
13.699108551	1473
13.700113301	1474
13.701280129	1475
13.701771928	1476
13.703218688	1477
13.703264845	1478
13.704352822	1479
13.704365231	1480
13.70628508	1481
13.706291391	1482
13.706574612	1483
13.70691859	1484
13.709327215	1485
13.711437177	1486
13.713206582	1487
13.714748371	1488
13.716403698	1489
13.716724104	1490
13.717995892	1491
13.719307397	1492
13.720073661	1493
13.720429791	1494
13.721417444	1495
13.721814907	1496
13.722099437	1497
13.722788079	1498
13.722966083	1499
13.723385087	1500
13.725986326	1501
13.726382246	1502
13.727242012	1503
13.727429417	1504
13.727632307	1505
13.728041781	1506
13.728280354	1507
13.729700841	1508
13.729931975	1509
13.730492452	1510
13.732637196	1511
13.733176899	1512
13.733610733	1513
13.733644143	1514
13.733653058	1515
13.734008837	1516
13.734571379	1517
13.73592446	1518
13.736690236	1519
13.738671695	1520
13.738824329	1521
13.7391502	1522
13.739947119	1523
13.740455696	1524
13.740595904	1525
13.740910701	1526
13.741114191	1527
13.742944719	1528
13.743478296	1529
13.743857382	1530
13.744676554	1531
13.745048816	1532
13.746442094	1533
13.748598251	1534
13.749353876	1535
13.749930924	1536
13.750926215	1537
13.751206286	1538
13.751620345	1539
13.752251571	1540
13.754104629	1541
13.757840762	1542
13.758292861	1543
13.75857613	1544
13.760485423	1545
13.761565794	1546
13.763249786	1547
13.763902858	1548
13.764336488	1549
13.764544962	1550
13.765120406	1551
13.765669295	1552
13.76915271	1553
13.771652789	1554
13.772033139	1555
13.773902369	1556
13.778065295	1557
13.778227368	1558
13.784387614	1559
13.785435709	1560
13.786482289	1561
13.790208789	1562
13.790892914	1563
13.79113179	1564
13.791949754	1565
13.792620452	1566
13.792632422	1567
13.792793383	1568
13.798477988	1569
13.799073593	1570
13.805465019	1571
13.805501294	1572
13.805889174	1573
13.806226061	1574
13.814820997	1575
13.817313615	1576
13.818067256	1577
13.819518289	1578
13.828914826	1579
13.832058573	1580
13.835200356	1581
13.847506098	1582
13.865570889	1583
13.905736192	1584
13.906856615	1585
13.910237805	1586
13.912790646	1587
13.924878087	1588
13.925374028	1589
13.927701447	1590
13.930702138	1591
13.948079643	1592
13.962010016	1593
13.971584201	1594
13.978876908	1595
13.97927675	1596
13.979380065	1597
13.982572047	1598
13.988042671	1599
13.98892461	1600
13.990774674	1601
13.994227706	1602
13.999433217	1603
13.999942694	1604
14.001280625	1605
14.00318443	1606
14.005583523	1607
14.012221123	1608
14.013657083	1609
14.014414564	1610
14.015243847	1611
14.025093389	1612
14.025379242	1613
14.026760385	1614
14.031178382	1615
14.03438146	1616
14.037229744	1617
14.041171209	1618
14.047392324	1619
14.049426353	1620
14.05458823	1621
14.065518368	1622
14.072896292	1623
14.073223596	1624
14.077336399	1625
14.104735578	1626
14.170300147	1627
14.184071326	1628
14.191253819	1629
14.204401762	1630
14.205278436	1631
14.214561984	1632
14.22426101	1633
14.224353695	1634
14.225794565	1635
14.225855332	1636
14.227041169	1637
14.231392769	1638
14.235348888	1639
14.235561509	1640
14.237880103	1641
14.238697941	1642
14.239144634	1643
14.243667641	1644
14.248982138	1645
14.252315087	1646
14.256968225	1647
14.257235154	1648
14.258427316	1649
14.258836038	1650
14.268848757	1651
14.270488356	1652
14.273516784	1653
14.273998546	1654
14.279237753	1655
14.280524652	1656
14.285386079	1657
14.290155641	1658
14.296978187	1659
14.298975388	1660
14.306763975	1661
14.308467539	1662
14.311210106	1663
14.324876841	1664
14.356735625	1665
14.411669651	1666
14.418920678	1667
14.425098885	1668
14.425539783	1669
14.426755083	1670
14.429707244	1671
14.430228882	1672
14.444060735	1673
14.447152046	1674
14.453054395	1675
14.456124242	1676
14.456344639	1677
14.467443612	1678
14.474008663	1679
14.478820839	1680
14.479931298	1681
14.480756143	1682
14.481261845	1683
14.484921916	1684
14.495886055	1685
14.497621438	1686
14.505195677	1687
14.507025745	1688
14.509242664	1689
14.51094099	1690
14.51450068	1691
14.516637359	1692
14.520373689	1693
14.521145681	1694
14.524947595	1695
14.526478591	1696
14.526917011	1697
14.528751148	1698
14.530206744	1699
14.530787287	1700
14.532935369	1701
14.560114612	1702
14.651679595	1703
14.674955332	1704
14.687540777	1705
14.707535743	1706
14.720501564	1707
14.721642049	1708
14.724860954	1709
14.725639513	1710
14.729278322	1711
14.731471329	1712
14.737915953	1713
14.739700833	1714
14.742976644	1715
14.745058304	1716
14.760317624	1717
14.76222267	1718
14.764835959	1719
14.771463783	1720
14.772029695	1721
14.773025181	1722
14.77336558	1723
14.777298224	1724
14.778413383	1725
14.781889573	1726
14.788290933	1727
14.804923197	1728
14.807005109	1729
14.822986076	1730
14.82370446	1731
14.850776094	1732
14.945883296	1733
14.951169707	1734
14.951425981	1735
14.954714999	1736
14.964195133	1737
14.968248891	1738
14.977358837	1739
14.994457558	1740
14.995213548	1741
14.998185632	1742
15.001232998	1743
15.014295248	1744
15.024207629	1745
15.032039175	1746
15.035338943	1747
15.040685841	1748
15.045855423	1749
15.067896429	1750
15.090798422	1751
15.165342795	1752
15.209822418	1753
15.214483598	1754
15.214738277	1755
15.217795706	1756
15.227284244	1757
15.264260213	1758
15.285059505	1759
15.292646667	1760
15.294217678	1761
15.307285832	1762
15.466411335	1763
15.48553827	1764
15.490310151	1765
15.493929501	1766
15.51029036	1767
15.517194256	1768
15.523764513	1769
15.525233434	1770
15.538700859	1771
15.547790131	1772
15.698803966	1773
15.719076	1774
15.721498319	1775
15.738534152	1776
15.752562094	1777
15.762539537	1778
15.770869442	1779
15.798951427	1780
15.803821642	1781
15.910311255	1782
15.926457855	1783
15.97370995	1784
15.97623232	1785
16.013189991	1786
16.021455068	1787
16.035261689	1788
16.036540684	1789
16.05549697	1790
16.183693374	1791
16.20461625	1792
16.257811038	1793
16.26158441	1794
16.277988961	1795
16.294580123	1796
16.303606882	1797
16.305303361	1798
16.3418792	1799
16.394938531	1800
16.395425802	1801
16.423851148	1802
16.452075272	1803
16.465089176	1804
16.491842613	1805
16.512623082	1806
16.515056107	1807
16.528780826	1808
16.53153013	1809
16.545610762	1810
16.722587437	1811
16.742899256	1812
16.836585928	1813
16.979948074	1814
16.995085154	1815
17.001738203	1816
17.005203331	1817
17.192079041	1818
17.226234324	1819
17.259185293	1820
17.262290848	1821
17.265335343	1822
17.444211559	1823
17.470679449	1824
17.496768445	1825
17.725032909	1826
17.762587404	1827
18.019220645	1828
18.103297141	1829
18.216649397	1830
18.227445922	1831
18.505390678	1832
18.505741088	1833
18.745683616	1834
18.836980803	1835
19.07217812	1836
19.716875255	1837
19.75491545	1838
19.934316253	1839
19.976790403	1840
20.005310835	1841
20.061203082	1842
20.267138537	1843
21.005241221	1844
21.013905052	1845
21.284994422	1846
21.516817394	1847
21.780578321	1848
22.06624258	1849
23.295361544	1850
23.812594184	1851
24.299323285	1852
24.813849605	1853
25.307688398	1854
26.225891728	1855
26.256188691	1856
26.515956129	1857
26.598599721	1858
27.013411707	1859
29.056336493	1860
29.343796086	1861
29.556472577	1862
34.261094941	1863
43.55518087	1864
44.066044782	1865
47.937129956	1866
57.085102394	1867
60.777665857	1868
62.917226997	1869
64.350155047	1870
78.055221075	1871
89.476880741	1872
