10.870348133	1
10.881683798	2
10.891498238	3
10.906174991	4
10.906444354	5
10.910922099	6
10.911261907	7
10.915918858	8
10.919741641	9
10.924934684	10
10.929998476	11
10.932470334	12
10.935110458	13
10.936894924	14
10.938710302	15
10.939888907	16
10.94579386	17
10.951519532	18
10.951532015	19
10.951805096	20
10.957126175	21
10.961806767	22
10.962031873	23
10.962129297	24
10.965738659	25
10.966704521	26
10.969890751	27
10.970050921	28
10.976804051	29
10.977572193	30
10.979625836	31
10.982546414	32
10.9840567	33
10.988608369	34
10.99430358	35
10.997574408	36
11.001000524	37
11.009058838	38
11.020410744	39
11.037627388	40
11.123328029	41
11.126827251	42
11.131523154	43
11.131695274	44
11.139277378	45
11.145375809	46
11.150351192	47
11.152896367	48
11.153247344	49
11.157852265	50
11.157926343	51
11.158930195	52
11.160529549	53
11.160672523	54
11.162369472	55
11.164032714	56
11.166439847	57
11.167466087	58
11.167691476	59
11.167848536	60
11.168086926	61
11.169387916	62
11.169470991	63
11.169550874	64
11.170216289	65
11.172341561	66
11.172542221	67
11.174045813	68
11.175147871	69
11.175249396	70
11.178876676	71
11.179191618	72
11.180420201	73
11.180545303	74
11.181903633	75
11.182594318	76
11.182982841	77
11.183495687	78
11.184248451	79
11.187641118	80
11.188782001	81
11.191772788	82
11.1921175	83
11.192240055	84
11.193176973	85
11.194334837	86
11.194425703	87
11.195943104	88
11.197240339	89
11.197890957	90
11.198582645	91
11.199291076	92
11.200187314	93
11.202561088	94
11.202668238	95
11.202748686	96
11.2036573	97
11.203772741	98
11.204954111	99
11.205125014	100
11.205236734	101
11.205577923	102
11.206446049	103
11.206916293	104
11.207287993	105
11.207769218	106
11.208168837	107
11.208575918	108
11.208723601	109
11.20926775	110
11.209477033	111
11.211894984	112
11.212790872	113
11.214547366	114
11.214722764	115
11.215058452	116
11.215184185	117
11.216253318	118
11.216888175	119
11.21810336	120
11.218887134	121
11.219112226	122
11.220013619	123
11.220651443	124
11.22093094	125
11.221927197	126
11.221998398	127
11.222216501	128
11.22239871	129
11.222722169	130
11.222749161	131
11.223707988	132
11.224998371	133
11.225228439	134
11.226504925	135
11.227752872	136
11.228501281	137
11.229755574	138
11.230077059	139
11.230502915	140
11.231853091	141
11.232036065	142
11.232884301	143
11.233149081	144
11.233353015	145
11.233919796	146
11.234421423	147
11.234646917	148
11.234696267	149
11.236551073	150
11.238596343	151
11.239266544	152
11.24046642	153
11.240590261	154
11.24343181	155
11.24447278	156
11.247290793	157
11.247859205	158
11.247992734	159
11.248246912	160
11.250557625	161
11.251390711	162
11.251414515	163
11.251586373	164
11.251692033	165
11.251748551	166
11.252965224	167
11.253322483	168
11.255309525	169
11.255399222	170
11.256306712	171
11.258765203	172
11.270068402	173
11.271084835	174
11.273883805	175
11.277000614	176
11.277857797	177
11.28093765	178
11.298227017	179
11.300735485	180
11.304086965	181
11.31073453	182
11.316693801	183
11.415786099	184
11.419146775	185
11.421055228	186
11.425187803	187
11.429339055	188
11.433719567	189
11.439313683	190
11.444489509	191
11.446136277	192
11.451451107	193
11.453662493	194
11.46098942	195
11.461998279	196
11.467368353	197
11.467925971	198
11.474246053	199
11.474657357	200
11.475287714	201
11.476671493	202
11.478360709	203
11.478634585	204
11.479255779	205
11.483641659	206
11.484079938	207
11.488105186	208
11.493976989	209
11.501445284	210
11.504411509	211
11.507400297	212
11.508041328	213
11.519379778	214
11.553295354	215
11.637790383	216
11.645589765	217
11.66825563	218
11.66841007	219
11.669594778	220
11.670887983	221
11.673281632	222
11.674175136	223
11.679794952	224
11.680295977	225
11.680573181	226
11.687400661	227
11.694853951	228
11.700877309	229
11.703220503	230
11.705995344	231
11.706578923	232
11.715304165	233
11.719135068	234
11.720975656	235
11.722993905	236
11.725014602	237
11.732071968	238
11.736622909	239
11.759318387	240
11.767737706	241
11.768406108	242
11.779240708	243
11.783555416	244
11.786332251	245
11.7891902	246
11.870421694	247
11.873329797	248
11.874779697	249
11.878101754	250
11.879026965	251
11.879062567	252
11.882262202	253
11.884700965	254
11.885369049	255
11.886849886	256
11.889872017	257
11.892029488	258
11.895612801	259
11.895810805	260
11.89853214	261
11.898978071	262
11.89976673	263
11.903270108	264
11.904418076	265
11.904456846	266
11.906859411	267
11.907409576	268
11.90970809	269
11.910674577	270
11.911168905	271
11.911755275	272
11.913585436	273
11.914032024	274
11.915223114	275
11.916012992	276
11.916923435	277
11.918037375	278
11.918314189	279
11.918883165	280
11.919148776	281
11.919662337	282
11.91986349	283
11.920403165	284
11.920454754	285
11.920529422	286
11.921565775	287
11.921879943	288
11.922891918	289
11.923392933	290
11.923687983	291
11.92684196	292
11.928953081	293
11.92913556	294
11.929824817	295
11.930227561	296
11.93054555	297
11.933083649	298
11.933283952	299
11.933775461	300
11.934143328	301
11.934252297	302
11.934590732	303
11.934658801	304
11.93655181	305
11.937053505	306
11.937525294	307
11.938386131	308
11.93851093	309
11.940181708	310
11.940487731	311
11.94063379	312
11.94071558	313
11.940785066	314
11.94098346	315
11.941264658	316
11.942500003	317
11.942862199	318
11.943598008	319
11.944999394	320
11.945807229	321
11.946032312	322
11.946397535	323
11.947123467	324
11.94739996	325
11.947541597	326
11.947663477	327
11.94803633	328
11.948071215	329
11.948098352	330
11.948262389	331
11.949599413	332
11.950075515	333
11.950252161	334
11.952151994	335
11.952467789	336
11.952837273	337
11.95331199	338
11.954074461	339
11.954347953	340
11.954622571	341
11.955761782	342
11.956079903	343
11.956190324	344
11.958821189	345
11.959034617	346
11.959318882	347
11.959789757	348
11.959805947	349
11.960370873	350
11.960475994	351
11.961239537	352
11.961413883	353
11.962367339	354
11.962457751	355
11.963101664	356
11.963597242	357
11.963667061	358
11.963707336	359
11.964480464	360
11.965831073	361
11.966369645	362
11.966384812	363
11.967231724	364
11.967692344	365
11.968166056	366
11.968303822	367
11.968566844	368
11.968580778	369
11.968669095	370
11.968719162	371
11.96878741	372
11.969996177	373
11.970373093	374
11.971184079	375
11.972378392	376
11.973402555	377
11.973743113	378
11.973927105	379
11.975478153	380
11.975584629	381
11.976064114	382
11.976247176	383
11.976992107	384
11.977867661	385
11.978150958	386
11.978153797	387
11.978181265	388
11.979607786	389
11.97978168	390
11.979938679	391
11.980557162	392
11.981301	393
11.981433039	394
11.982348023	395
11.982479935	396
11.982499092	397
11.983427389	398
11.986529539	399
11.987467508	400
11.987666805	401
11.988266427	402
11.991553366	403
11.99196563	404
11.99372555	405
11.994354906	406
11.995288527	407
11.997125732	408
11.999018374	409
12.000916916	410
12.00190415	411
12.001969272	412
12.00324736	413
12.003670253	414
12.004191217	415
12.004506992	416
12.004946386	417
12.005919717	418
12.006686929	419
12.008993803	420
12.01459893	421
12.014800586	422
12.015052216	423
12.016592353	424
12.018182196	425
12.021570868	426
12.022997055	427
12.024456894	428
12.035161164	429
12.036835747	430
12.040468173	431
12.063965551	432
12.080589411	433
12.084877319	434
12.104173327	435
12.117036698	436
12.122015979	437
12.128619821	438
12.128705291	439
12.129759629	440
12.13066156	441
12.130723379	442
12.136652378	443
12.139638622	444
12.14324532	445
12.143404782	446
12.146220455	447
12.14672733	448
12.14689346	449
12.148771693	450
12.149347762	451
12.15168403	452
12.151971979	453
12.15246367	454
12.154062973	455
12.154332596	456
12.154641314	457
12.154977032	458
12.155242466	459
12.155368399	460
12.155374965	461
12.156379804	462
12.15753187	463
12.157563	464
12.157607126	465
12.158984072	466
12.159952711	467
12.159973383	468
12.161177854	469
12.161397099	470
12.162330586	471
12.163046566	472
12.163314145	473
12.164847171	474
12.164967786	475
12.165490617	476
12.165514875	477
12.167106499	478
12.167518609	479
12.167711358	480
12.167931641	481
12.168475071	482
12.168619385	483
12.168987374	484
12.169615551	485
12.169654735	486
12.16991776	487
12.170070425	488
12.170345946	489
12.170448057	490
12.171363924	491
12.171457384	492
12.172660836	493
12.172768861	494
12.173623268	495
12.173696638	496
12.174182283	497
12.174814141	498
12.174913314	499
12.175582915	500
12.175647725	501
12.176649273	502
12.177073444	503
12.177464213	504
12.177561889	505
12.177949191	506
12.177977347	507
12.178048117	508
12.178108562	509
12.17820296	510
12.178751862	511
12.178779266	512
12.178884551	513
12.178970874	514
12.178991178	515
12.179083643	516
12.179132132	517
12.179204245	518
12.179371723	519
12.17991372	520
12.179922219	521
12.180220506	522
12.180519028	523
12.180834786	524
12.180865173	525
12.181106122	526
12.181691658	527
12.181920166	528
12.18193548	529
12.182017828	530
12.182195084	531
12.182422171	532
12.182487145	533
12.18273636	534
12.182856232	535
12.183682317	536
12.184101023	537
12.18415135	538
12.184383899	539
12.18468954	540
12.184987563	541
12.185158064	542
12.185709261	543
12.18705985	544
12.187164048	545
12.187515781	546
12.188000298	547
12.188438909	548
12.188448021	549
12.188842818	550
12.188855511	551
12.189103112	552
12.189150734	553
12.189569334	554
12.189600683	555
12.19014802	556
12.190383512	557
12.190509557	558
12.190885688	559
12.191810812	560
12.191812133	561
12.192078706	562
12.192353291	563
12.192607176	564
12.192669652	565
12.192688279	566
12.193061563	567
12.193179212	568
12.193394071	569
12.194233287	570
12.194291384	571
12.194476145	572
12.194580987	573
12.194613151	574
12.194627485	575
12.194791025	576
12.194876156	577
12.19487783	578
12.195231514	579
12.195245339	580
12.195543032	581
12.19575416	582
12.195808522	583
12.195850219	584
12.195873692	585
12.196222514	586
12.19682939	587
12.196857906	588
12.196982388	589
12.197007459	590
12.197541336	591
12.197734979	592
12.197759604	593
12.198033727	594
12.198158307	595
12.198427725	596
12.198468268	597
12.198624614	598
12.198956909	599
12.199198563	600
12.199560924	601
12.199898235	602
12.200031947	603
12.200321744	604
12.200424373	605
12.200508779	606
12.200625133	607
12.201242538	608
12.20125303	609
12.201301537	610
12.201453118	611
12.201484931	612
12.20164276	613
12.201676487	614
12.201685772	615
12.201818894	616
12.202147996	617
12.202243493	618
12.202246664	619
12.202491541	620
12.202702731	621
12.202899647	622
12.202927885	623
12.203166601	624
12.203536831	625
12.203627856	626
12.203752727	627
12.203837916	628
12.203905324	629
12.204249457	630
12.204421929	631
12.204621461	632
12.205247952	633
12.205769682	634
12.205847855	635
12.205865442	636
12.205920301	637
12.2060983	638
12.206305435	639
12.206348842	640
12.207037603	641
12.207152614	642
12.207282422	643
12.207388732	644
12.20739658	645
12.208150666	646
12.208341914	647
12.208352236	648
12.208359953	649
12.208517321	650
12.208937985	651
12.209349591	652
12.209407615	653
12.209422005	654
12.209695956	655
12.209696706	656
12.209709203	657
12.20996284	658
12.210159776	659
12.210454216	660
12.21062706	661
12.210632119	662
12.210657994	663
12.2110548	664
12.211270578	665
12.211552983	666
12.211576331	667
12.211786517	668
12.211967508	669
12.212217719	670
12.212275133	671
12.212934883	672
12.213011684	673
12.213069444	674
12.213644731	675
12.21377804	676
12.213884881	677
12.213939184	678
12.21444376	679
12.214725332	680
12.214769472	681
12.214965479	682
12.215039858	683
12.215248181	684
12.215358303	685
12.215503458	686
12.215875441	687
12.21603506	688
12.216052475	689
12.216058833	690
12.216162495	691
12.216210377	692
12.216446305	693
12.216594322	694
12.216699954	695
12.216761711	696
12.217203607	697
12.217434754	698
12.217447437	699
12.217564655	700
12.217653257	701
12.217655117	702
12.217713955	703
12.217914179	704
12.218003197	705
12.218161312	706
12.218209845	707
12.218478535	708
12.218485194	709
12.218711433	710
12.218772531	711
12.218793082	712
12.219024084	713
12.219082659	714
12.219249655	715
12.220134649	716
12.220178927	717
12.22055762	718
12.220626716	719
12.220679327	720
12.220778521	721
12.221009201	722
12.221220794	723
12.221280818	724
12.22154504	725
12.221761513	726
12.221787692	727
12.221832885	728
12.221840316	729
12.222353111	730
12.222784481	731
12.223131971	732
12.223144739	733
12.223338166	734
12.22337037	735
12.223449674	736
12.223694199	737
12.223724808	738
12.2238424	739
12.223916076	740
12.223947562	741
12.224319066	742
12.224390778	743
12.224468249	744
12.224876399	745
12.224917833	746
12.224978845	747
12.225031981	748
12.225430081	749
12.22571392	750
12.226141244	751
12.226270881	752
12.22628953	753
12.226662422	754
12.22673941	755
12.226890085	756
12.227321331	757
12.227432559	758
12.227460809	759
12.227764125	760
12.227898892	761
12.227901772	762
12.228517856	763
12.22868053	764
12.228786052	765
12.228840656	766
12.229107042	767
12.229257349	768
12.229299757	769
12.229351935	770
12.229652218	771
12.229732463	772
12.229878874	773
12.230089203	774
12.230324629	775
12.230419262	776
12.230543972	777
12.230716632	778
12.230887276	779
12.230970107	780
12.231630777	781
12.231985965	782
12.232041585	783
12.232280732	784
12.232812869	785
12.233763411	786
12.233917687	787
12.234085942	788
12.234101186	789
12.234267824	790
12.234552095	791
12.23492826	792
12.235116913	793
12.235250207	794
12.235611429	795
12.235808655	796
12.236006741	797
12.236046743	798
12.237210801	799
12.237261597	800
12.237534183	801
12.237987744	802
12.237991348	803
12.238363008	804
12.238711133	805
12.239146294	806
12.239435954	807
12.24009281	808
12.240683787	809
12.240973083	810
12.241079777	811
12.242031649	812
12.242261005	813
12.242895332	814
12.242957831	815
12.243340431	816
12.243617113	817
12.243786937	818
12.244180489	819
12.244298466	820
12.244440066	821
12.244953809	822
12.245027048	823
12.245070138	824
12.245093638	825
12.245135148	826
12.245184422	827
12.245464721	828
12.245773541	829
12.246258922	830
12.246317145	831
12.246615659	832
12.246750909	833
12.247144141	834
12.247224911	835
12.247483588	836
12.248627433	837
12.248778403	838
12.249055021	839
12.249529213	840
12.24955039	841
12.249592924	842
12.250036497	843
12.250446035	844
12.250530064	845
12.250558882	846
12.251191181	847
12.251787905	848
12.251844522	849
12.252009014	850
12.252172955	851
12.25263698	852
12.252830414	853
12.252835269	854
12.253186028	855
12.253203951	856
12.253268502	857
12.253308655	858
12.25331503	859
12.253644769	860
12.253906565	861
12.25447231	862
12.254587518	863
12.255250686	864
12.255362745	865
12.255686866	866
12.255788148	867
12.256700859	868
12.256773256	869
12.256879507	870
12.257046919	871
12.257513039	872
12.25885137	873
12.259060486	874
12.259107555	875
12.259401666	876
12.260101995	877
12.261411392	878
12.263800696	879
12.26403659	880
12.264803002	881
12.265239446	882
12.265619045	883
12.266258501	884
12.266659883	885
12.267425153	886
12.267748987	887
12.268193624	888
12.268292607	889
12.270322091	890
12.270530837	891
12.27221303	892
12.272276777	893
12.27265019	894
12.272663726	895
12.272786936	896
12.273014918	897
12.273194515	898
12.273515383	899
12.273686985	900
12.273782848	901
12.274546055	902
12.276634684	903
12.2770164	904
12.27780638	905
12.278314335	906
12.280414153	907
12.280715927	908
12.280854498	909
12.28090074	910
12.281809251	911
12.281904864	912
12.28236267	913
12.284749735	914
12.285203557	915
12.286138425	916
12.292871468	917
12.296628886	918
12.297766083	919
12.299603405	920
12.308539459	921
12.317326865	922
12.319821112	923
12.349502327	924
12.378278581	925
12.392394031	926
12.392450263	927
12.40023396	928
12.401665233	929
12.40576037	930
12.407917703	931
12.412740375	932
12.416015931	933
12.416950574	934
12.417602746	935
12.417942642	936
12.418583744	937
12.421629955	938
12.42614877	939
12.427506122	940
12.428088507	941
12.429261083	942
12.431242497	943
12.431933574	944
12.433112405	945
12.434067169	946
12.435140369	947
12.437728053	948
12.438059616	949
12.440825814	950
12.44117051	951
12.442848466	952
12.44326423	953
12.44456924	954
12.446606743	955
12.446789344	956
12.447208877	957
12.449269257	958
12.450700878	959
12.451586545	960
12.452962092	961
12.453628444	962
12.454418234	963
12.455770738	964
12.455888953	965
12.457297361	966
12.459548845	967
12.460188363	968
12.460870806	969
12.462842706	970
12.463709148	971
12.46429908	972
12.464925354	973
12.464965634	974
12.465744879	975
12.466406535	976
12.466514773	977
12.466945869	978
12.468598931	979
12.470058273	980
12.470541813	981
12.470757382	982
12.470869085	983
12.472996234	984
12.475412341	985
12.475887392	986
12.476242429	987
12.476542343	988
12.477737801	989
12.478348853	990
12.480164656	991
12.481012065	992
12.481848501	993
12.481900787	994
12.483609031	995
12.484909019	996
12.485002414	997
12.48521169	998
12.485260216	999
12.485489088	1000
12.486317544	1001
12.487501973	1002
12.488661217	1003
12.488666899	1004
12.489897359	1005
12.490016734	1006
12.490084433	1007
12.491376081	1008
12.491466908	1009
12.491856298	1010
12.492086002	1011
12.49275447	1012
12.492990871	1013
12.493350141	1014
12.493608949	1015
12.494178381	1016
12.497146589	1017
12.497879858	1018
12.498543522	1019
12.499012286	1020
12.499263286	1021
12.499421096	1022
12.499996448	1023
12.500537591	1024
12.500626618	1025
12.500999758	1026
12.501980593	1027
12.501984658	1028
12.502334291	1029
12.503831936	1030
12.504746946	1031
12.505074157	1032
12.505691423	1033
12.506435526	1034
12.506671468	1035
12.506685177	1036
12.509286283	1037
12.511254458	1038
12.512024356	1039
12.512100477	1040
12.513779153	1041
12.513832211	1042
12.515597851	1043
12.516843928	1044
12.518672214	1045
12.518835493	1046
12.519083399	1047
12.521305928	1048
12.522014832	1049
12.52215772	1050
12.525412922	1051
12.526252696	1052
12.52728587	1053
12.536369984	1054
12.539490428	1055
12.539605398	1056
12.54050508	1057
12.542739758	1058
12.544663857	1059
12.548437184	1060
12.556626075	1061
12.566955765	1062
12.567641515	1063
12.570439883	1064
12.611759747	1065
12.647073474	1066
12.648212246	1067
12.648952512	1068
12.649220126	1069
12.650118906	1070
12.653103594	1071
12.654289176	1072
12.658595855	1073
12.659017302	1074
12.663046667	1075
12.663431534	1076
12.664802353	1077
12.665252623	1078
12.670124379	1079
12.6703779	1080
12.673757937	1081
12.67600834	1082
12.678839373	1083
12.679237226	1084
12.67948724	1085
12.682867091	1086
12.683455629	1087
12.683797507	1088
12.685204884	1089
12.685533131	1090
12.685777908	1091
12.687225638	1092
12.687422681	1093
12.687700649	1094
12.688543408	1095
12.689990606	1096
12.693061563	1097
12.693399394	1098
12.693910214	1099
12.694070976	1100
12.695948736	1101
12.696372882	1102
12.697659131	1103
12.701209451	1104
12.702585337	1105
12.702959641	1106
12.706158461	1107
12.706446613	1108
12.70663711	1109
12.707741144	1110
12.712901583	1111
12.713818293	1112
12.71538296	1113
12.716015779	1114
12.719322366	1115
12.719702336	1116
12.720028425	1117
12.720450427	1118
12.720845916	1119
12.721726387	1120
12.722521951	1121
12.723960081	1122
12.72644892	1123
12.726543767	1124
12.727765928	1125
12.728238216	1126
12.73013336	1127
12.730899713	1128
12.73091546	1129
12.731552879	1130
12.733124151	1131
12.733746258	1132
12.734724861	1133
12.735124774	1134
12.737776014	1135
12.738014734	1136
12.73813825	1137
12.738306828	1138
12.738529432	1139
12.739285644	1140
12.740294734	1141
12.741026798	1142
12.744214029	1143
12.744638668	1144
12.746991634	1145
12.747398011	1146
12.74992983	1147
12.750879207	1148
12.753872989	1149
12.754435552	1150
12.755339647	1151
12.755824682	1152
12.757624876	1153
12.758128182	1154
12.760235304	1155
12.760471999	1156
12.761160831	1157
12.762069024	1158
12.763122009	1159
12.765957659	1160
12.767944062	1161
12.768163282	1162
12.768498222	1163
12.768576063	1164
12.772597062	1165
12.773071021	1166
12.774148518	1167
12.775825722	1168
12.775906533	1169
12.776036104	1170
12.776510288	1171
12.77686181	1172
12.779889874	1173
12.781655714	1174
12.783819375	1175
12.790725992	1176
12.793009405	1177
12.793998683	1178
12.7969506	1179
12.800742496	1180
12.801445874	1181
12.801573113	1182
12.812758974	1183
12.827111836	1184
12.829802291	1185
12.858337596	1186
12.869895029	1187
12.879463622	1188
12.88763607	1189
12.890240902	1190
12.891348347	1191
12.897855974	1192
12.905525646	1193
12.906401584	1194
12.90698446	1195
12.9071448	1196
12.91634371	1197
12.919766654	1198
12.923222307	1199
12.924922044	1200
12.925333271	1201
12.925606581	1202
12.927091278	1203
12.928768467	1204
12.931602738	1205
12.933746219	1206
12.936267415	1207
12.940437298	1208
12.941653751	1209
12.941915926	1210
12.943760912	1211
12.944205348	1212
12.946481433	1213
12.950842278	1214
12.951917353	1215
12.952013697	1216
12.954395741	1217
12.960615414	1218
12.962708218	1219
12.963502433	1220
12.963776316	1221
12.966957383	1222
12.968707737	1223
12.969753863	1224
12.970499047	1225
12.972684394	1226
12.974849265	1227
12.977455253	1228
12.979778501	1229
12.980740774	1230
12.982307988	1231
12.982504806	1232
12.985323611	1233
12.98790274	1234
12.988521266	1235
12.988621991	1236
12.990675338	1237
12.993609497	1238
12.993858766	1239
12.994623978	1240
12.995249753	1241
12.995350967	1242
12.995945813	1243
12.996324338	1244
12.996610801	1245
12.997983219	1246
12.999784877	1247
13.000546373	1248
13.001649879	1249
13.001954806	1250
13.002320454	1251
13.002752344	1252
13.00512883	1253
13.005663952	1254
13.006611583	1255
13.008179705	1256
13.010857163	1257
13.012761285	1258
13.013730053	1259
13.015079608	1260
13.01723612	1261
13.018705256	1262
13.01994212	1263
13.021427697	1264
13.026844263	1265
13.027140134	1266
13.027885193	1267
13.029152251	1268
13.030206061	1269
13.030716535	1270
13.030895513	1271
13.031859157	1272
13.032223264	1273
13.035151305	1274
13.036662415	1275
13.037260767	1276
13.040098143	1277
13.040193322	1278
13.044444387	1279
13.046048227	1280
13.048606458	1281
13.0493539	1282
13.049511853	1283
13.051152755	1284
13.053742222	1285
13.055378578	1286
13.057093954	1287
13.062529836	1288
13.064211163	1289
13.068369138	1290
13.075132731	1291
13.115968004	1292
13.154194111	1293
13.159441655	1294
13.167166975	1295
13.16833255	1296
13.17955675	1297
13.186010582	1298
13.189572449	1299
13.194314729	1300
13.195593071	1301
13.198701149	1302
13.201131842	1303
13.202536699	1304
13.205326148	1305
13.206151045	1306
13.206208534	1307
13.207593004	1308
13.210512313	1309
13.214277287	1310
13.214325266	1311
13.215866104	1312
13.217663654	1313
13.217696901	1314
13.218059749	1315
13.220546924	1316
13.222075487	1317
13.223914316	1318
13.224892604	1319
13.225149718	1320
13.229796015	1321
13.230896097	1322
13.231369035	1323
13.233954488	1324
13.235071835	1325
13.236061584	1326
13.236356356	1327
13.238353883	1328
13.239013501	1329
13.239324965	1330
13.240573146	1331
13.240748372	1332
13.243005077	1333
13.244922551	1334
13.245506877	1335
13.245911405	1336
13.24600029	1337
13.246387637	1338
13.247578567	1339
13.24901397	1340
13.250587681	1341
13.250866529	1342
13.252053775	1343
13.253122932	1344
13.258311606	1345
13.260196357	1346
13.261049369	1347
13.261123217	1348
13.261486636	1349
13.262296906	1350
13.266624162	1351
13.267101651	1352
13.268544377	1353
13.268820874	1354
13.269518273	1355
13.270796044	1356
13.273976173	1357
13.27727287	1358
13.277313832	1359
13.279068579	1360
13.280888351	1361
13.283002347	1362
13.287942888	1363
13.290093147	1364
13.293623802	1365
13.307135281	1366
13.307802976	1367
13.308039057	1368
13.308095698	1369
13.308719653	1370
13.311278822	1371
13.321175266	1372
13.334951622	1373
13.344447895	1374
13.376571454	1375
13.382246288	1376
13.39053225	1377
13.410790322	1378
13.416242176	1379
13.42214844	1380
13.422979184	1381
13.423083494	1382
13.42575159	1383
13.426665925	1384
13.429634826	1385
13.432377721	1386
13.434279168	1387
13.437415888	1388
13.438332919	1389
13.43989361	1390
13.444093375	1391
13.444292404	1392
13.449874985	1393
13.451224956	1394
13.453325793	1395
13.453707297	1396
13.455617491	1397
13.457271749	1398
13.458223287	1399
13.459482825	1400
13.460538296	1401
13.460722024	1402
13.461326243	1403
13.463344341	1404
13.464433182	1405
13.464594558	1406
13.467331533	1407
13.469035727	1408
13.469064954	1409
13.470506305	1410
13.47084316	1411
13.471866997	1412
13.473356796	1413
13.474017157	1414
13.475805753	1415
13.477128002	1416
13.4801118	1417
13.480224716	1418
13.481284465	1419
13.486216875	1420
13.486829594	1421
13.486931616	1422
13.488959847	1423
13.489245737	1424
13.48958034	1425
13.489957099	1426
13.493132785	1427
13.493580542	1428
13.495565236	1429
13.496972063	1430
13.500938846	1431
13.50121103	1432
13.501965892	1433
13.50645036	1434
13.507068744	1435
13.507301256	1436
13.510810533	1437
13.512504511	1438
13.513408561	1439
13.515503367	1440
13.518765907	1441
13.519227604	1442
13.523430571	1443
13.528519037	1444
13.529014368	1445
13.535361416	1446
13.538338186	1447
13.543410698	1448
13.54371952	1449
13.547779882	1450
13.551571891	1451
13.555439623	1452
13.556682728	1453
13.55908738	1454
13.566594227	1455
13.572887373	1456
13.588855594	1457
13.595258419	1458
13.601305619	1459
13.604380546	1460
13.616166528	1461
13.623571897	1462
13.646223272	1463
13.646593221	1464
13.654458483	1465
13.656997055	1466
13.66940359	1467
13.672757893	1468
13.675041202	1469
13.67620571	1470
13.680566128	1471
13.681415287	1472
13.683672633	1473
13.688536298	1474
13.689448541	1475
13.693532177	1476
13.693877707	1477
13.697733279	1478
13.699108551	1479
13.700113301	1480
13.701280129	1481
13.701771928	1482
13.703218688	1483
13.703264845	1484
13.704352822	1485
13.704365231	1486
13.70628508	1487
13.706291391	1488
13.706574612	1489
13.70691859	1490
13.709327215	1491
13.711437177	1492
13.713206582	1493
13.714748371	1494
13.716403698	1495
13.716724104	1496
13.717995892	1497
13.719307397	1498
13.720073661	1499
13.720429791	1500
13.721417444	1501
13.721814907	1502
13.722099437	1503
13.722788079	1504
13.722966083	1505
13.723385087	1506
13.725986326	1507
13.726382246	1508
13.727242012	1509
13.727429417	1510
13.727632307	1511
13.728041781	1512
13.728280354	1513
13.729700841	1514
13.729931975	1515
13.730492452	1516
13.732637196	1517
13.733176899	1518
13.733610733	1519
13.733644143	1520
13.733653058	1521
13.734008837	1522
13.734571379	1523
13.73592446	1524
13.736690236	1525
13.738671695	1526
13.738824329	1527
13.7391502	1528
13.739947119	1529
13.740455696	1530
13.740595904	1531
13.740910701	1532
13.741114191	1533
13.742944719	1534
13.743478296	1535
13.743857382	1536
13.744676554	1537
13.745048816	1538
13.746442094	1539
13.748598251	1540
13.749353876	1541
13.749930924	1542
13.750926215	1543
13.751206286	1544
13.751620345	1545
13.752251571	1546
13.754104629	1547
13.757840762	1548
13.758292861	1549
13.75857613	1550
13.760485423	1551
13.761565794	1552
13.763249786	1553
13.763902858	1554
13.764336488	1555
13.764544962	1556
13.765120406	1557
13.765669295	1558
13.76915271	1559
13.771652789	1560
13.772033139	1561
13.773902369	1562
13.778065295	1563
13.778227368	1564
13.784387614	1565
13.785435709	1566
13.786482289	1567
13.790208789	1568
13.790892914	1569
13.79113179	1570
13.791949754	1571
13.792620452	1572
13.792632422	1573
13.792793383	1574
13.798477988	1575
13.799073593	1576
13.805465019	1577
13.805501294	1578
13.805889174	1579
13.806226061	1580
13.814820997	1581
13.817313615	1582
13.818067256	1583
13.819518289	1584
13.828914826	1585
13.832058573	1586
13.835200356	1587
13.847506098	1588
13.865570889	1589
13.905736192	1590
13.906856615	1591
13.910237805	1592
13.912790646	1593
13.924878087	1594
13.925374028	1595
13.927701447	1596
13.930702138	1597
13.948079643	1598
13.962010016	1599
13.971584201	1600
13.978876908	1601
13.97927675	1602
13.979380065	1603
13.982572047	1604
13.988042671	1605
13.98892461	1606
13.990774674	1607
13.994227706	1608
13.999433217	1609
13.999942694	1610
14.001280625	1611
14.00318443	1612
14.005583523	1613
14.012221123	1614
14.013657083	1615
14.014414564	1616
14.015243847	1617
14.025093389	1618
14.025379242	1619
14.026760385	1620
14.031178382	1621
14.03438146	1622
14.037229744	1623
14.041171209	1624
14.047392324	1625
14.049426353	1626
14.05458823	1627
14.065518368	1628
14.072896292	1629
14.073223596	1630
14.077336399	1631
14.104735578	1632
14.170300147	1633
14.184071326	1634
14.191253819	1635
14.204401762	1636
14.205278436	1637
14.214561984	1638
14.22426101	1639
14.224353695	1640
14.225794565	1641
14.225855332	1642
14.227041169	1643
14.231392769	1644
14.235348888	1645
14.235561509	1646
14.237880103	1647
14.238697941	1648
14.239144634	1649
14.243667641	1650
14.248982138	1651
14.252315087	1652
14.256968225	1653
14.257235154	1654
14.258427316	1655
14.258836038	1656
14.268848757	1657
14.270488356	1658
14.273516784	1659
14.273998546	1660
14.279237753	1661
14.280524652	1662
14.285386079	1663
14.290155641	1664
14.296978187	1665
14.298975388	1666
14.306763975	1667
14.308467539	1668
14.311210106	1669
14.324876841	1670
14.356735625	1671
14.411669651	1672
14.418920678	1673
14.425098885	1674
14.425539783	1675
14.426755083	1676
14.429707244	1677
14.430228882	1678
14.444060735	1679
14.447152046	1680
14.453054395	1681
14.456124242	1682
14.456344639	1683
14.467443612	1684
14.474008663	1685
14.478820839	1686
14.479931298	1687
14.480756143	1688
14.481261845	1689
14.484921916	1690
14.495886055	1691
14.497621438	1692
14.505195677	1693
14.507025745	1694
14.509242664	1695
14.51094099	1696
14.51450068	1697
14.516637359	1698
14.520373689	1699
14.521145681	1700
14.524947595	1701
14.526478591	1702
14.526917011	1703
14.528751148	1704
14.530206744	1705
14.530787287	1706
14.532935369	1707
14.560114612	1708
14.651679595	1709
14.674955332	1710
14.687540777	1711
14.707535743	1712
14.720501564	1713
14.721642049	1714
14.724860954	1715
14.725639513	1716
14.729278322	1717
14.731471329	1718
14.737915953	1719
14.739700833	1720
14.742976644	1721
14.745058304	1722
14.760317624	1723
14.76222267	1724
14.764835959	1725
14.771463783	1726
14.772029695	1727
14.773025181	1728
14.77336558	1729
14.777298224	1730
14.778413383	1731
14.781889573	1732
14.788290933	1733
14.804923197	1734
14.807005109	1735
14.822986076	1736
14.82370446	1737
14.850776094	1738
14.945883296	1739
14.951169707	1740
14.951425981	1741
14.954714999	1742
14.964195133	1743
14.968248891	1744
14.977358837	1745
14.994457558	1746
14.995213548	1747
14.998185632	1748
15.001232998	1749
15.014295248	1750
15.024207629	1751
15.032039175	1752
15.035338943	1753
15.040685841	1754
15.045855423	1755
15.067896429	1756
15.090798422	1757
15.165342795	1758
15.209822418	1759
15.214483598	1760
15.214738277	1761
15.217795706	1762
15.227284244	1763
15.264260213	1764
15.285059505	1765
15.292646667	1766
15.294217678	1767
15.307285832	1768
15.466411335	1769
15.48553827	1770
15.490310151	1771
15.493929501	1772
15.51029036	1773
15.517194256	1774
15.523764513	1775
15.525233434	1776
15.538700859	1777
15.547790131	1778
15.698803966	1779
15.719076	1780
15.721498319	1781
15.738534152	1782
15.752562094	1783
15.762539537	1784
15.770869442	1785
15.798951427	1786
15.803821642	1787
15.910311255	1788
15.926457855	1789
15.97370995	1790
15.97623232	1791
16.013189991	1792
16.021455068	1793
16.035261689	1794
16.036540684	1795
16.05549697	1796
16.183693374	1797
16.20461625	1798
16.257811038	1799
16.26158441	1800
16.277988961	1801
16.294580123	1802
16.303606882	1803
16.305303361	1804
16.3418792	1805
16.394938531	1806
16.395425802	1807
16.423851148	1808
16.452075272	1809
16.465089176	1810
16.491842613	1811
16.512623082	1812
16.515056107	1813
16.528780826	1814
16.53153013	1815
16.545610762	1816
16.722587437	1817
16.742899256	1818
16.836585928	1819
16.979948074	1820
16.995085154	1821
17.001738203	1822
17.005203331	1823
17.192079041	1824
17.226234324	1825
17.259185293	1826
17.262290848	1827
17.265335343	1828
17.444211559	1829
17.470679449	1830
17.496768445	1831
17.725032909	1832
17.762587404	1833
18.019220645	1834
18.103297141	1835
18.216649397	1836
18.227445922	1837
18.505390678	1838
18.505741088	1839
18.745683616	1840
18.836980803	1841
19.07217812	1842
19.716875255	1843
19.75491545	1844
19.934316253	1845
19.976790403	1846
20.005310835	1847
20.061203082	1848
20.267138537	1849
21.005241221	1850
21.013905052	1851
21.284994422	1852
21.516817394	1853
21.780578321	1854
22.06624258	1855
23.295361544	1856
23.812594184	1857
24.299323285	1858
24.813849605	1859
25.307688398	1860
26.225891728	1861
26.256188691	1862
26.515956129	1863
26.598599721	1864
27.013411707	1865
29.056336493	1866
29.343796086	1867
29.556472577	1868
34.261094941	1869
43.55518087	1870
44.066044782	1871
47.937129956	1872
57.085102394	1873
60.777665857	1874
62.917226997	1875
64.350155047	1876
78.055221075	1877
89.476880741	1878
