5.987376751	1
5.989410932	2
6.004911318	3
6.013511146	4
6.024277384	5
6.027728128	6
6.03028546	7
6.031485429	8
6.033401665	9
6.034602819	10
6.039481945	11
6.042924089	12
6.049112761	13
6.050165059	14
6.051567775	15
6.054165798	16
6.054318601	17
6.056045598	18
6.056558207	19
6.057624023	20
6.059355999	21
6.06165964	22
6.062198845	23
6.063495437	24
6.066243324	25
6.067768069	26
6.068476969	27
6.0706019	28
6.070775551	29
6.071992479	30
6.073968492	31
6.07470449	32
6.075013664	33
6.077514283	34
6.080285742	35
6.083289254	36
6.084387702	37
6.085410449	38
6.089536541	39
6.089562987	40
6.091568934	41
6.093319344	42
6.094950793	43
6.097191943	44
6.102563145	45
6.103917216	46
6.107107907	47
6.110765021	48
6.119260205	49
6.12162008	50
6.176836592	51
6.184422842	52
6.193992662	53
6.202570626	54
6.202901721	55
6.204689636	56
6.2052219	57
6.205712423	58
6.206236602	59
6.207308654	60
6.209767165	61
6.215376573	62
6.216007892	63
6.218738866	64
6.21888502	65
6.219418697	66
6.219990127	67
6.220576663	68
6.220994089	69
6.22130282	70
6.222206978	71
6.222267728	72
6.225891629	73
6.226031313	74
6.22629505	75
6.227955909	76
6.228313163	77
6.229901804	78
6.230032196	79
6.230570938	80
6.231253355	81
6.23144277	82
6.231894299	83
6.232294099	84
6.232353329	85
6.233173521	86
6.233497668	87
6.233592967	88
6.233794844	89
6.23477261	90
6.234773832	91
6.235118732	92
6.235326977	93
6.236256752	94
6.237124087	95
6.237803455	96
6.238665846	97
6.238775528	98
6.239287763	99
6.239962609	100
6.240535937	101
6.240675961	102
6.241184556	103
6.241685157	104
6.242970235	105
6.243401426	106
6.243599794	107
6.24396201	108
6.244193276	109
6.244905809	110
6.245655128	111
6.245684618	112
6.246248727	113
6.246991731	114
6.247607428	115
6.248761097	116
6.248799835	117
6.24990873	118
6.250856084	119
6.251444884	120
6.251524995	121
6.252918691	122
6.253610231	123
6.253786244	124
6.253996813	125
6.256117843	126
6.256445393	127
6.256461135	128
6.257503485	129
6.257889839	130
6.258143831	131
6.25850704	132
6.258786042	133
6.25885163	134
6.259616559	135
6.259942662	136
6.260205068	137
6.26026268	138
6.260431435	139
6.260517776	140
6.260787826	141
6.261136146	142
6.261373322	143
6.262033611	144
6.262284795	145
6.262751339	146
6.263065734	147
6.263085817	148
6.263227223	149
6.263301846	150
6.264131804	151
6.264209615	152
6.265262902	153
6.265282981	154
6.265469136	155
6.265646758	156
6.266545506	157
6.267253069	158
6.267296633	159
6.267850908	160
6.268785818	161
6.269455387	162
6.269635104	163
6.269676177	164
6.26998566	165
6.270252819	166
6.270568565	167
6.270770363	168
6.271603291	169
6.271653524	170
6.271812726	171
6.272156171	172
6.272157513	173
6.272288138	174
6.272518388	175
6.272545061	176
6.272564534	177
6.272777417	178
6.272798686	179
6.273531874	180
6.273668326	181
6.273673311	182
6.274354988	183
6.274539674	184
6.274980086	185
6.275323873	186
6.275507457	187
6.275867744	188
6.276340909	189
6.276374241	190
6.276698444	191
6.276762272	192
6.277159454	193
6.277454275	194
6.277514341	195
6.277986985	196
6.278150621	197
6.278213916	198
6.278432504	199
6.278872896	200
6.279018347	201
6.279514876	202
6.2795267	203
6.279854913	204
6.280551953	205
6.280750488	206
6.280807469	207
6.280831038	208
6.281311983	209
6.281530249	210
6.281539175	211
6.281814239	212
6.282161538	213
6.282344138	214
6.282974212	215
6.283272104	216
6.283894575	217
6.284062447	218
6.284346537	219
6.284391735	220
6.285195165	221
6.285287862	222
6.285353741	223
6.285454049	224
6.28588018	225
6.286016494	226
6.286129784	227
6.286253281	228
6.286263071	229
6.286419802	230
6.287045088	231
6.287154099	232
6.287174241	233
6.287333062	234
6.287597857	235
6.287887448	236
6.287945219	237
6.288004116	238
6.288343076	239
6.28836834	240
6.28847218	241
6.288688871	242
6.288781852	243
6.289240721	244
6.289449176	245
6.289667226	246
6.289948214	247
6.290487829	248
6.290916182	249
6.291026055	250
6.291102222	251
6.291567902	252
6.291684494	253
6.292159143	254
6.292231988	255
6.292556682	256
6.292681887	257
6.292883543	258
6.29310432	259
6.293137382	260
6.293227151	261
6.293320074	262
6.293518472	263
6.293709626	264
6.29392012	265
6.294227999	266
6.294286559	267
6.294447612	268
6.294711362	269
6.294830503	270
6.2949841	271
6.295301254	272
6.2953823	273
6.295500856	274
6.296089559	275
6.296103735	276
6.296454402	277
6.296489156	278
6.296759637	279
6.297092182	280
6.29742858	281
6.297500314	282
6.2977715	283
6.29796892	284
6.298083273	285
6.298568916	286
6.298721722	287
6.299026021	288
6.299360962	289
6.299740443	290
6.300185577	291
6.300442089	292
6.300820512	293
6.301229574	294
6.30152036	295
6.30169873	296
6.301966652	297
6.302008263	298
6.302043651	299
6.302133239	300
6.302147835	301
6.302297813	302
6.302519022	303
6.302590947	304
6.303807094	305
6.303948355	306
6.304313433	307
6.304528824	308
6.304628307	309
6.304749841	310
6.30511766	311
6.305144625	312
6.305207456	313
6.305634809	314
6.306032567	315
6.30662284	316
6.30669413	317
6.307290873	318
6.307542282	319
6.307788895	320
6.307816259	321
6.308057754	322
6.308337786	323
6.308340734	324
6.308575527	325
6.308640859	326
6.308888905	327
6.309132416	328
6.309231305	329
6.309378872	330
6.309682483	331
6.309977096	332
6.31025375	333
6.310693258	334
6.311239001	335
6.311445856	336
6.311520126	337
6.311600654	338
6.3117779	339
6.311848543	340
6.312384353	341
6.312628722	342
6.31297075	343
6.313015264	344
6.313317909	345
6.313588887	346
6.313679291	347
6.314172358	348
6.314305908	349
6.314422995	350
6.31467035	351
6.314919735	352
6.315317084	353
6.315518016	354
6.315613178	355
6.315965028	356
6.316091256	357
6.316677232	358
6.316864957	359
6.317127638	360
6.318008217	361
6.318016809	362
6.318622829	363
6.318835199	364
6.319770735	365
6.319861279	366
6.319985653	367
6.320520861	368
6.32086271	369
6.321221735	370
6.32180276	371
6.321841527	372
6.322038032	373
6.322103139	374
6.322336879	375
6.322416037	376
6.322700261	377
6.322749587	378
6.322810684	379
6.322820118	380
6.32361967	381
6.323851349	382
6.323944906	383
6.324177865	384
6.324976617	385
6.325100717	386
6.325480155	387
6.326609883	388
6.327368739	389
6.327449423	390
6.32779017	391
6.32779632	392
6.328728012	393
6.329539152	394
6.32995265	395
6.330010666	396
6.330529946	397
6.330549556	398
6.330875241	399
6.331032473	400
6.33135015	401
6.332682386	402
6.335059496	403
6.335766384	404
6.336745802	405
6.337077771	406
6.337794608	407
6.338258109	408
6.338279154	409
6.338363245	410
6.340628463	411
6.340820227	412
6.341363362	413
6.342467291	414
6.342750291	415
6.342816992	416
6.34466069	417
6.3447469	418
6.346160717	419
6.34669385	420
6.34947878	421
6.349699482	422
6.350673815	423
6.350909883	424
6.351945556	425
6.352030643	426
6.352424862	427
6.35260754	428
6.353489574	429
6.355805052	430
6.356504321	431
6.357056056	432
6.358079162	433
6.35886632	434
6.35949942	435
6.360500711	436
6.361079965	437
6.361374078	438
6.362419205	439
6.362724339	440
6.363728944	441
6.365139344	442
6.365501561	443
6.365557137	444
6.366646529	445
6.367573368	446
6.368148191	447
6.36843449	448
6.368460365	449
6.368888422	450
6.370710072	451
6.371531458	452
6.371697583	453
6.371886409	454
6.373032335	455
6.373668	456
6.373877232	457
6.373902238	458
6.373967467	459
6.374636199	460
6.374683439	461
6.374868847	462
6.37510277	463
6.376331971	464
6.376951444	465
6.377341212	466
6.377714504	467
6.378812503	468
6.3789779	469
6.379120279	470
6.379217678	471
6.379633848	472
6.37985867	473
6.381078818	474
6.381351328	475
6.382869795	476
6.383221711	477
6.383603927	478
6.38492981	479
6.385337115	480
6.38556936	481
6.386630243	482
6.387256339	483
6.387746201	484
6.388071373	485
6.388127166	486
6.388842463	487
6.388961218	488
6.388995071	489
6.389669385	490
6.390990031	491
6.391580857	492
6.391654526	493
6.392125897	494
6.392225033	495
6.392592982	496
6.393487461	497
6.393489528	498
6.393687708	499
6.393770251	500
6.393952231	501
6.394133246	502
6.39452947	503
6.394921089	504
6.39513189	505
6.396037076	506
6.396663305	507
6.396724803	508
6.397256036	509
6.397952538	510
6.39849801	511
6.399622032	512
6.399849313	513
6.400360079	514
6.401581464	515
6.401846614	516
6.402148721	517
6.40316563	518
6.403285049	519
6.40402895	520
6.404567281	521
6.40524953	522
6.405447419	523
6.406631027	524
6.406945215	525
6.408351257	526
6.408706503	527
6.409339731	528
6.409367645	529
6.40945284	530
6.410989956	531
6.411401176	532
6.41292874	533
6.416505734	534
6.417646813	535
6.418085171	536
6.41820023	537
6.419303613	538
6.421478134	539
6.421718246	540
6.427582918	541
6.427607527	542
6.42780119	543
6.428203988	544
6.429017852	545
6.429514255	546
6.429681263	547
6.429772023	548
6.432036724	549
6.432217207	550
6.434683478	551
6.435725377	552
6.435755647	553
6.436077273	554
6.436669506	555
6.437794931	556
6.438226209	557
6.44020697	558
6.441329429	559
6.44143006	560
6.443338029	561
6.44495817	562
6.446210109	563
6.447922812	564
6.448826784	565
6.449035897	566
6.449702257	567
6.450775876	568
6.451995029	569
6.452534953	570
6.453213634	571
6.455591861	572
6.456303562	573
6.46139159	574
6.462385573	575
6.463234811	576
6.464153092	577
6.464615637	578
6.465074504	579
6.465156403	580
6.465597347	581
6.46642883	582
6.467189851	583
6.467949076	584
6.467993357	585
6.468261787	586
6.468956516	587
6.469834606	588
6.471040732	589
6.471927413	590
6.474069316	591
6.474477785	592
6.477401531	593
6.477950609	594
6.478123666	595
6.47908103	596
6.479960475	597
6.480857376	598
6.481558506	599
6.482190626	600
6.482215942	601
6.482405507	602
6.484536669	603
6.484916801	604
6.485715398	605
6.48878422	606
6.489764415	607
6.490128866	608
6.490390789	609
6.491955123	610
6.494763562	611
6.495932224	612
6.496505039	613
6.497375652	614
6.497810297	615
6.497879085	616
6.498232764	617
6.498948153	618
6.499435107	619
6.500135833	620
6.500427348	621
6.500715854	622
6.500855202	623
6.501100781	624
6.50189336	625
6.502870073	626
6.503390495	627
6.504125832	628
6.504384594	629
6.504519331	630
6.504609366	631
6.505171612	632
6.506970343	633
6.508243177	634
6.508687535	635
6.508935679	636
6.509603785	637
6.510205646	638
6.510266433	639
6.510494921	640
6.510730082	641
6.51085194	642
6.51143641	643
6.512474907	644
6.513046154	645
6.513242831	646
6.513815324	647
6.514282345	648
6.514587151	649
6.515218439	650
6.515394046	651
6.515584193	652
6.515652444	653
6.515669105	654
6.516988163	655
6.517969431	656
6.518210244	657
6.518607911	658
6.518995904	659
6.519000884	660
6.519459196	661
6.51997458	662
6.520110249	663
6.520432659	664
6.520560679	665
6.520607508	666
6.521242009	667
6.521549152	668
6.521792391	669
6.521984374	670
6.522217854	671
6.522482305	672
6.522599497	673
6.522897339	674
6.523321366	675
6.524355643	676
6.525846985	677
6.526624539	678
6.528639658	679
6.529297694	680
6.530590006	681
6.531175783	682
6.53138285	683
6.531742466	684
6.532247597	685
6.532566391	686
6.532793275	687
6.532878479	688
6.5333454	689
6.534163141	690
6.535277283	691
6.53536976	692
6.536176035	693
6.537092126	694
6.537391421	695
6.537813412	696
6.537817831	697
6.538831631	698
6.539412693	699
6.539687968	700
6.539862809	701
6.540013559	702
6.540712699	703
6.540825887	704
6.540868376	705
6.54097775	706
6.541651848	707
6.541960964	708
6.544389182	709
6.5447933	710
6.545703827	711
6.546254956	712
6.546462446	713
6.546558079	714
6.546796917	715
6.546988474	716
6.547129879	717
6.547195606	718
6.547560494	719
6.548013075	720
6.548258517	721
6.548340314	722
6.548778925	723
6.549268527	724
6.550177345	725
6.551092351	726
6.551840286	727
6.552319357	728
6.554410821	729
6.554725527	730
6.554969272	731
6.555248922	732
6.556493914	733
6.556519022	734
6.556887004	735
6.556946826	736
6.558897848	737
6.558973436	738
6.559451484	739
6.559486898	740
6.560255237	741
6.561776474	742
6.561960697	743
6.562077583	744
6.562088918	745
6.562309655	746
6.562561469	747
6.563169818	748
6.563535531	749
6.56446859	750
6.564703894	751
6.564972421	752
6.565339547	753
6.565353588	754
6.565376123	755
6.566413854	756
6.56664602	757
6.566890602	758
6.567295135	759
6.568212434	760
6.569258179	761
6.570506624	762
6.570598323	763
6.570695147	764
6.571091786	765
6.571787248	766
6.57318853	767
6.573567043	768
6.573902107	769
6.574235271	770
6.574264657	771
6.574340986	772
6.57436793	773
6.575223422	774
6.575427346	775
6.575744775	776
6.576191826	777
6.577247182	778
6.577642616	779
6.578873475	780
6.578918776	781
6.579147903	782
6.579583379	783
6.579611301	784
6.579998779	785
6.580320758	786
6.580644327	787
6.580910552	788
6.581430052	789
6.581761375	790
6.581781806	791
6.58200918	792
6.58202873	793
6.582142861	794
6.582366148	795
6.582389633	796
6.583041155	797
6.583141648	798
6.583381491	799
6.583392488	800
6.583787649	801
6.585987432	802
6.586008877	803
6.586128329	804
6.58644959	805
6.586967444	806
6.58756147	807
6.587727622	808
6.587829121	809
6.588396191	810
6.588414568	811
6.588697375	812
6.589481302	813
6.589940199	814
6.591106387	815
6.591128142	816
6.592570649	817
6.592681996	818
6.592817841	819
6.593228343	820
6.594394211	821
6.594480972	822
6.594755297	823
6.594755732	824
6.595493116	825
6.595729473	826
6.596010549	827
6.596123343	828
6.596411223	829
6.596645201	830
6.5971039	831
6.597890553	832
6.598388634	833
6.599146814	834
6.599327556	835
6.5997153	836
6.599724401	837
6.599860596	838
6.600139781	839
6.601689336	840
6.602125913	841
6.602673447	842
6.60277432	843
6.604101281	844
6.605772096	845
6.607905873	846
6.608986694	847
6.609195494	848
6.609706086	849
6.610406654	850
6.61046476	851
6.611535809	852
6.611716704	853
6.612272369	854
6.613023955	855
6.613392716	856
6.613507131	857
6.613508776	858
6.614078055	859
6.615013638	860
6.615585546	861
6.616276923	862
6.616809402	863
6.617473227	864
6.618062584	865
6.618964819	866
6.618973577	867
6.619745249	868
6.619820479	869
6.620101202	870
6.620359792	871
6.621052267	872
6.621810841	873
6.622363758	874
6.622398711	875
6.623237842	876
6.62486527	877
6.626720077	878
6.626843406	879
6.627286908	880
6.627579755	881
6.627928298	882
6.628321633	883
6.629843738	884
6.630947216	885
6.631022837	886
6.631284744	887
6.631455384	888
6.631839491	889
6.631958894	890
6.632190324	891
6.633326399	892
6.634774012	893
6.635393247	894
6.638563198	895
6.639258199	896
6.639564463	897
6.639665279	898
6.639819016	899
6.640215567	900
6.640473084	901
6.641797439	902
6.6419324	903
6.642438451	904
6.642913239	905
6.643199281	906
6.64346846	907
6.643724874	908
6.64461894	909
6.644800274	910
6.645138377	911
6.645194846	912
6.645349242	913
6.645577921	914
6.645702227	915
6.647232978	916
6.647978966	917
6.648402374	918
6.648803231	919
6.648920499	920
6.648958946	921
6.649749075	922
6.649972132	923
6.650400115	924
6.651328205	925
6.651860869	926
6.652164413	927
6.652678324	928
6.653986912	929
6.65455433	930
6.655588952	931
6.65679308	932
6.657097732	933
6.657259659	934
6.660038201	935
6.660697388	936
6.661578277	937
6.661908515	938
6.662193284	939
6.663243272	940
6.663666398	941
6.663668005	942
6.664012887	943
6.665865728	944
6.666412953	945
6.666876049	946
6.66691569	947
6.667585617	948
6.668708961	949
6.668860393	950
6.668908289	951
6.671135347	952
6.671287819	953
6.671361858	954
6.671515061	955
6.674788499	956
6.676288448	957
6.676922877	958
6.678481444	959
6.678494302	960
6.678985388	961
6.67947067	962
6.680421875	963
6.680500476	964
6.681233667	965
6.684139623	966
6.684410859	967
6.684566592	968
6.684731853	969
6.684835873	970
6.685575073	971
6.686677894	972
6.686900881	973
6.687048523	974
6.690073267	975
6.691275723	976
6.691536568	977
6.692800181	978
6.693445457	979
6.693772414	980
6.694272215	981
6.697420511	982
6.697587142	983
6.69762022	984
6.698127883	985
6.698423796	986
6.698683962	987
6.699004756	988
6.699143309	989
6.699286195	990
6.69984158	991
6.701655426	992
6.701689255	993
6.702560652	994
6.703284773	995
6.704112066	996
6.705154656	997
6.705667153	998
6.706456436	999
6.706947978	1000
6.706996029	1001
6.707131305	1002
6.707214569	1003
6.707726163	1004
6.708292535	1005
6.709285497	1006
6.710231002	1007
6.710755216	1008
6.711549103	1009
6.712276237	1010
6.71239723	1011
6.712836905	1012
6.713220068	1013
6.713989942	1014
6.714226985	1015
6.714337194	1016
6.714557981	1017
6.715773012	1018
6.715777586	1019
6.71605874	1020
6.716598614	1021
6.716774871	1022
6.717082804	1023
6.718794968	1024
6.719265624	1025
6.7198618	1026
6.720493506	1027
6.720619773	1028
6.721679643	1029
6.722226337	1030
6.7223106	1031
6.723282128	1032
6.723742924	1033
6.724024743	1034
6.725730907	1035
6.726454099	1036
6.727365506	1037
6.728075192	1038
6.729685924	1039
6.730470456	1040
6.731522134	1041
6.733759027	1042
6.734601245	1043
6.735193638	1044
6.735207959	1045
6.735305022	1046
6.735791696	1047
6.739787854	1048
6.740792626	1049
6.740928292	1050
6.741699326	1051
6.74193638	1052
6.743263637	1053
6.743976408	1054
6.744838174	1055
6.744874559	1056
6.746015476	1057
6.746835404	1058
6.746882227	1059
6.748176953	1060
6.74825623	1061
6.749121379	1062
6.749230649	1063
6.749260116	1064
6.749699849	1065
6.750137951	1066
6.750874945	1067
6.750894566	1068
6.7510355	1069
6.751791409	1070
6.75212946	1071
6.754424266	1072
6.755019981	1073
6.755178487	1074
6.755282276	1075
6.755504538	1076
6.755525644	1077
6.755557859	1078
6.755664882	1079
6.756064804	1080
6.756648435	1081
6.75681963	1082
6.757916187	1083
6.758379566	1084
6.75856869	1085
6.758712697	1086
6.760375415	1087
6.760519821	1088
6.760674396	1089
6.762168215	1090
6.762248604	1091
6.762604206	1092
6.763317412	1093
6.763960347	1094
6.764194241	1095
6.764474876	1096
6.764587834	1097
6.765272945	1098
6.76637793	1099
6.766496231	1100
6.766918748	1101
6.767556861	1102
6.767660363	1103
6.767687118	1104
6.768050678	1105
6.768067375	1106
6.768472007	1107
6.768486306	1108
6.768523946	1109
6.768610496	1110
6.768935768	1111
6.769043138	1112
6.769276983	1113
6.769622698	1114
6.76967843	1115
6.76980645	1116
6.769842937	1117
6.770821097	1118
6.771103439	1119
6.771779694	1120
6.772229431	1121
6.772624245	1122
6.773182161	1123
6.773481219	1124
6.774140593	1125
6.774243789	1126
6.774363345	1127
6.774451351	1128
6.774485417	1129
6.774586645	1130
6.774642897	1131
6.774907073	1132
6.775332683	1133
6.775660664	1134
6.775824174	1135
6.775849478	1136
6.776289579	1137
6.776318383	1138
6.776967617	1139
6.777078517	1140
6.777420279	1141
6.777984627	1142
6.778509488	1143
6.779130479	1144
6.779262477	1145
6.779443274	1146
6.779591502	1147
6.779893237	1148
6.78001224	1149
6.780226753	1150
6.780383553	1151
6.780859653	1152
6.781001867	1153
6.781266535	1154
6.781303613	1155
6.781378169	1156
6.781689374	1157
6.78175068	1158
6.781804268	1159
6.782144832	1160
6.783023998	1161
6.783169352	1162
6.783175106	1163
6.783366365	1164
6.783928663	1165
6.784000999	1166
6.784207149	1167
6.784296415	1168
6.784466383	1169
6.784557463	1170
6.785319274	1171
6.786617423	1172
6.786805054	1173
6.786810771	1174
6.786817576	1175
6.78699227	1176
6.787416143	1177
6.787418034	1178
6.787447672	1179
6.787636881	1180
6.787743457	1181
6.788533204	1182
6.788831711	1183
6.78903977	1184
6.789112443	1185
6.789281769	1186
6.789312659	1187
6.789320507	1188
6.789563511	1189
6.789777946	1190
6.789836703	1191
6.791023295	1192
6.791643422	1193
6.791909139	1194
6.791935603	1195
6.792348902	1196
6.792367535	1197
6.792378326	1198
6.792481614	1199
6.792601799	1200
6.792640976	1201
6.792675649	1202
6.793275368	1203
6.794059347	1204
6.794814961	1205
6.794902774	1206
6.795118793	1207
6.795199741	1208
6.795235341	1209
6.795462952	1210
6.795535279	1211
6.79613003	1212
6.796327585	1213
6.796538883	1214
6.796771632	1215
6.79685988	1216
6.797012965	1217
6.797075094	1218
6.797123676	1219
6.797836375	1220
6.798374009	1221
6.798480566	1222
6.798692088	1223
6.799645031	1224
6.799717553	1225
6.799949128	1226
6.799977095	1227
6.800379157	1228
6.800647796	1229
6.800911262	1230
6.801144615	1231
6.801514663	1232
6.801794035	1233
6.801964252	1234
6.802032176	1235
6.802184163	1236
6.802332435	1237
6.802346956	1238
6.802449979	1239
6.802736	1240
6.802864999	1241
6.802896738	1242
6.803035796	1243
6.80333117	1244
6.803582591	1245
6.803728868	1246
6.803919751	1247
6.804276615	1248
6.804472078	1249
6.80450043	1250
6.804539152	1251
6.804648526	1252
6.804690429	1253
6.805135409	1254
6.805226925	1255
6.805801713	1256
6.806305895	1257
6.806528842	1258
6.806757669	1259
6.806818936	1260
6.80694165	1261
6.807015065	1262
6.807089758	1263
6.808009394	1264
6.808101313	1265
6.808145392	1266
6.808816009	1267
6.808832887	1268
6.808844146	1269
6.809439052	1270
6.809465244	1271
6.8097154	1272
6.809741239	1273
6.81001045	1274
6.810088195	1275
6.810183878	1276
6.810356393	1277
6.810466296	1278
6.811224522	1279
6.811433706	1280
6.811499236	1281
6.811691987	1282
6.812265425	1283
6.812677915	1284
6.812875932	1285
6.81314123	1286
6.813466041	1287
6.813556383	1288
6.813562018	1289
6.813603503	1290
6.813933108	1291
6.814236887	1292
6.814341601	1293
6.814470049	1294
6.814515555	1295
6.814797733	1296
6.814805921	1297
6.815439882	1298
6.81549833	1299
6.816283053	1300
6.816427082	1301
6.816464166	1302
6.816708192	1303
6.817079528	1304
6.817474927	1305
6.817918777	1306
6.817925519	1307
6.818514496	1308
6.818630595	1309
6.819253389	1310
6.819303764	1311
6.819726051	1312
6.820099014	1313
6.820138919	1314
6.820360472	1315
6.820447055	1316
6.820953082	1317
6.820965585	1318
6.821356943	1319
6.821816167	1320
6.822035774	1321
6.822161371	1322
6.822322124	1323
6.822718338	1324
6.822816339	1325
6.823025432	1326
6.82322705	1327
6.823231086	1328
6.82324933	1329
6.823547435	1330
6.823582485	1331
6.823724989	1332
6.823946702	1333
6.823995099	1334
6.824060885	1335
6.824325508	1336
6.825362974	1337
6.82546651	1338
6.825690917	1339
6.826033625	1340
6.826411582	1341
6.82649607	1342
6.826509685	1343
6.826517283	1344
6.826901276	1345
6.827038498	1346
6.827061673	1347
6.827323274	1348
6.827702042	1349
6.827924635	1350
6.828639785	1351
6.829054162	1352
6.829117883	1353
6.829374561	1354
6.829569147	1355
6.829593351	1356
6.829624747	1357
6.829718502	1358
6.829973352	1359
6.830532414	1360
6.830641091	1361
6.830979622	1362
6.83133823	1363
6.831399093	1364
6.831622088	1365
6.831927311	1366
6.832050217	1367
6.832317166	1368
6.832379065	1369
6.832618403	1370
6.832703255	1371
6.832735077	1372
6.832792772	1373
6.833801717	1374
6.834127959	1375
6.834214565	1376
6.834278834	1377
6.834881105	1378
6.83533511	1379
6.835620956	1380
6.835695954	1381
6.83612432	1382
6.836315658	1383
6.836485096	1384
6.837174776	1385
6.837354704	1386
6.837418719	1387
6.837515538	1388
6.837567904	1389
6.837646718	1390
6.83771866	1391
6.838066531	1392
6.838140382	1393
6.838327322	1394
6.838486811	1395
6.838885001	1396
6.838894354	1397
6.839284558	1398
6.839623306	1399
6.839751924	1400
6.839940323	1401
6.840022601	1402
6.840600388	1403
6.840694749	1404
6.840745846	1405
6.840802234	1406
6.841209917	1407
6.841514656	1408
6.841688771	1409
6.841941906	1410
6.842565093	1411
6.843277703	1412
6.844134406	1413
6.845194945	1414
6.845303063	1415
6.846091921	1416
6.846533574	1417
6.847077125	1418
6.847081912	1419
6.847121993	1420
6.847332798	1421
6.848444489	1422
6.848847731	1423
6.849003653	1424
6.849159511	1425
6.849280214	1426
6.849730149	1427
6.849929255	1428
6.849992436	1429
6.850131455	1430
6.850732192	1431
6.851179965	1432
6.851760081	1433
6.852082223	1434
6.852296319	1435
6.852784211	1436
6.853685772	1437
6.853726391	1438
6.854488725	1439
6.8545005	1440
6.854702461	1441
6.854808717	1442
6.855267433	1443
6.855764779	1444
6.856146586	1445
6.856469938	1446
6.856583466	1447
6.857027927	1448
6.857332168	1449
6.857377153	1450
6.858107435	1451
6.85821454	1452
6.858425116	1453
6.858712641	1454
6.858841666	1455
6.859655222	1456
6.860755358	1457
6.86089183	1458
6.861228265	1459
6.862539026	1460
6.863043434	1461
6.863488716	1462
6.863653569	1463
6.863919702	1464
6.863983719	1465
6.864864722	1466
6.865314697	1467
6.866318069	1468
6.866401115	1469
6.866630513	1470
6.866654258	1471
6.86712864	1472
6.867945465	1473
6.868349	1474
6.868936003	1475
6.869101053	1476
6.869170028	1477
6.869650092	1478
6.869760074	1479
6.870036798	1480
6.87087584	1481
6.871324929	1482
6.871350868	1483
6.871870239	1484
6.873657764	1485
6.876095583	1486
6.876619281	1487
6.877091933	1488
6.877523801	1489
6.878840584	1490
6.879057435	1491
6.879745672	1492
6.879823508	1493
6.881938248	1494
6.88258878	1495
6.88315112	1496
6.88621976	1497
6.886834245	1498
6.887169344	1499
6.887232565	1500
6.889228935	1501
6.889929907	1502
6.890438886	1503
6.891295075	1504
6.891330778	1505
6.893970859	1506
6.895201112	1507
6.895563204	1508
6.896545913	1509
6.896664321	1510
6.897642803	1511
6.897871751	1512
6.899511885	1513
6.900590176	1514
6.902754881	1515
6.902813801	1516
6.902993837	1517
6.903976216	1518
6.905488445	1519
6.906750318	1520
6.907355069	1521
6.907420409	1522
6.908635995	1523
6.909536968	1524
6.910194943	1525
6.913274256	1526
6.913291074	1527
6.915639154	1528
6.915984859	1529
6.917117391	1530
6.917704483	1531
6.91878928	1532
6.919247538	1533
6.922881574	1534
6.923904952	1535
6.924008594	1536
6.925055328	1537
6.926109044	1538
6.926328469	1539
6.926612926	1540
6.928823537	1541
6.929642578	1542
6.930757107	1543
6.934007723	1544
6.937139695	1545
6.937527254	1546
6.937661586	1547
6.937722359	1548
6.937870283	1549
6.938152358	1550
6.939938526	1551
6.940671275	1552
6.941020447	1553
6.941657863	1554
6.941736752	1555
6.943224683	1556
6.945071782	1557
6.945080162	1558
6.94572727	1559
6.94631699	1560
6.947825571	1561
6.949850624	1562
6.951690321	1563
6.952138848	1564
6.95276968	1565
6.95288899	1566
6.953575967	1567
6.954428316	1568
6.954973404	1569
6.955034116	1570
6.957248192	1571
6.959096934	1572
6.959130356	1573
6.959540055	1574
6.96089369	1575
6.962190176	1576
6.96318431	1577
6.963268685	1578
6.965544872	1579
6.96562099	1580
6.966850958	1581
6.967054386	1582
6.968228898	1583
6.969675234	1584
6.97111265	1585
6.971130031	1586
6.972837781	1587
6.972916474	1588
6.973857933	1589
6.974605034	1590
6.974634486	1591
6.975501028	1592
6.977351976	1593
6.979508965	1594
6.983403383	1595
6.983460128	1596
6.984343475	1597
6.986812262	1598
6.986826314	1599
6.988327921	1600
6.989987028	1601
6.990841494	1602
6.991375646	1603
6.994620653	1604
6.997513157	1605
6.998673834	1606
7.000185623	1607
7.000771302	1608
7.003229922	1609
7.004615725	1610
7.006623175	1611
7.008937588	1612
7.009096962	1613
7.009222827	1614
7.009527496	1615
7.011846653	1616
7.011861621	1617
7.013742389	1618
7.014373697	1619
7.01476058	1620
7.017052739	1621
7.017370603	1622
7.018035796	1623
7.018552203	1624
7.018769144	1625
7.019864899	1626
7.019890836	1627
7.020737385	1628
7.024267107	1629
7.024882684	1630
7.02515427	1631
7.025171156	1632
7.025583077	1633
7.025959723	1634
7.026655103	1635
7.027864625	1636
7.028542303	1637
7.030065579	1638
7.03143103	1639
7.031609862	1640
7.033032475	1641
7.034084661	1642
7.035012106	1643
7.037069397	1644
7.037529281	1645
7.039404835	1646
7.042491177	1647
7.042746215	1648
7.042992479	1649
7.044586044	1650
7.045237541	1651
7.045898362	1652
7.047320701	1653
7.047897462	1654
7.048745124	1655
7.054794425	1656
7.058265829	1657
7.059137776	1658
7.062263996	1659
7.062393206	1660
7.063816401	1661
7.064868502	1662
7.065111909	1663
7.065461615	1664
7.065710941	1665
7.066169703	1666
7.067012008	1667
7.067899618	1668
7.068200221	1669
7.069173155	1670
7.073351331	1671
7.073558124	1672
7.073792886	1673
7.075497028	1674
7.07745237	1675
7.077598082	1676
7.077967498	1677
7.078686756	1678
7.081360556	1679
7.08185929	1680
7.082218321	1681
7.08303836	1682
7.086842367	1683
7.08753496	1684
7.088934426	1685
7.089349413	1686
7.095018599	1687
7.09503168	1688
7.097123815	1689
7.098138148	1690
7.098157196	1691
7.100672188	1692
7.100796074	1693
7.102988607	1694
7.103121852	1695
7.103667001	1696
7.106944669	1697
7.10734208	1698
7.107661853	1699
7.108333021	1700
7.109149075	1701
7.112490693	1702
7.112560631	1703
7.112954484	1704
7.114800425	1705
7.11492522	1706
7.115714442	1707
7.116383267	1708
7.117746798	1709
7.11792588	1710
7.118841477	1711
7.12069947	1712
7.120932885	1713
7.122636542	1714
7.124168242	1715
7.125356575	1716
7.125848225	1717
7.126519821	1718
7.126771842	1719
7.12715365	1720
7.127497674	1721
7.128744677	1722
7.132638777	1723
7.133059178	1724
7.133706972	1725
7.134438189	1726
7.134652544	1727
7.134980441	1728
7.135762619	1729
7.136615591	1730
7.136959769	1731
7.138827645	1732
7.13912693	1733
7.139758704	1734
7.139859091	1735
7.13988673	1736
7.1413116	1737
7.141628611	1738
7.142175065	1739
7.142734955	1740
7.145831563	1741
7.150964987	1742
7.154324984	1743
7.154726669	1744
7.154971123	1745
7.156811278	1746
7.161492522	1747
7.16592823	1748
7.168594995	1749
7.168796329	1750
7.171614327	1751
7.172211295	1752
7.172613753	1753
7.172634147	1754
7.174549863	1755
7.175379537	1756
7.175786315	1757
7.176282706	1758
7.178649945	1759
7.179041392	1760
7.179770012	1761
7.181412088	1762
7.182789601	1763
7.185820138	1764
7.186312084	1765
7.186530563	1766
7.187710476	1767
7.188147791	1768
7.188937758	1769
7.189471632	1770
7.191009702	1771
7.192709424	1772
7.194725961	1773
7.195171474	1774
7.1952998	1775
7.195895576	1776
7.196564926	1777
7.197769757	1778
7.198865823	1779
7.200526996	1780
7.202354528	1781
7.20311574	1782
7.205307568	1783
7.206110155	1784
7.209413977	1785
7.213553858	1786
7.217033296	1787
7.217208361	1788
7.220861543	1789
7.223212838	1790
7.225784275	1791
7.225868828	1792
7.226475844	1793
7.227060058	1794
7.227649042	1795
7.234780868	1796
7.23487771	1797
7.235582728	1798
7.236484821	1799
7.237465457	1800
7.238085552	1801
7.23919849	1802
7.239429223	1803
7.239656279	1804
7.239966823	1805
7.24051298	1806
7.240903455	1807
7.242890048	1808
7.243727864	1809
7.245212259	1810
7.246868532	1811
7.247582534	1812
7.248034924	1813
7.248406279	1814
7.249551108	1815
7.250732521	1816
7.252160191	1817
7.253117967	1818
7.253355039	1819
7.254691038	1820
7.255106911	1821
7.255517438	1822
7.256810635	1823
7.257693634	1824
7.260700271	1825
7.26146727	1826
7.262782037	1827
7.263492063	1828
7.263514767	1829
7.263522999	1830
7.264779476	1831
7.26567589	1832
7.269600454	1833
7.270437008	1834
7.277687358	1835
7.278459428	1836
7.279131409	1837
7.281634079	1838
7.281979377	1839
7.282736216	1840
7.287192126	1841
7.288648581	1842
7.289227678	1843
7.294261845	1844
7.295632906	1845
7.296917359	1846
7.297234985	1847
7.298470538	1848
7.299206821	1849
7.299485053	1850
7.300705479	1851
7.300902339	1852
7.31116622	1853
7.314107708	1854
7.315521277	1855
7.315969424	1856
7.320654663	1857
7.32110702	1858
7.325523087	1859
7.325767998	1860
7.326864946	1861
7.327194032	1862
7.335860059	1863
7.336873562	1864
7.344081841	1865
7.347349445	1866
7.347456404	1867
7.349711044	1868
7.352062088	1869
7.352605723	1870
7.352606062	1871
7.35570653	1872
7.362830711	1873
7.366517019	1874
7.367913326	1875
7.369438395	1876
7.370020002	1877
7.370697945	1878
7.370773703	1879
7.371061518	1880
7.373683603	1881
7.374884656	1882
7.374915912	1883
7.375211438	1884
7.375852735	1885
7.377782693	1886
7.38201204	1887
7.383453549	1888
7.385015319	1889
7.388921191	1890
7.390399317	1891
7.392638247	1892
7.393529109	1893
7.394845734	1894
7.394914769	1895
7.397541292	1896
7.401078085	1897
7.401905384	1898
7.402166272	1899
7.402820398	1900
7.404088906	1901
7.404362344	1902
7.406810428	1903
7.407211669	1904
7.408535838	1905
7.409559947	1906
7.410034971	1907
7.412886439	1908
7.415592661	1909
7.418876361	1910
7.421798074	1911
7.422051989	1912
7.424889511	1913
7.425211624	1914
7.426282627	1915
7.431220147	1916
7.432664793	1917
7.433704955	1918
7.435808567	1919
7.436256079	1920
7.436415729	1921
7.436594046	1922
7.439059443	1923
7.439257776	1924
7.440490453	1925
7.441838014	1926
7.443087411	1927
7.443230632	1928
7.445840176	1929
7.446509256	1930
7.44734693	1931
7.447362454	1932
7.450322712	1933
7.451053037	1934
7.45200287	1935
7.45252282	1936
7.452926053	1937
7.461209667	1938
7.461778851	1939
7.462064674	1940
7.46440916	1941
7.46458153	1942
7.466151681	1943
7.466884878	1944
7.46694793	1945
7.468855905	1946
7.472351346	1947
7.472569345	1948
7.472860449	1949
7.473338304	1950
7.473410397	1951
7.474517513	1952
7.474623231	1953
7.474795435	1954
7.475529943	1955
7.47792062	1956
7.480051598	1957
7.480969749	1958
7.48143307	1959
7.482005895	1960
7.483416412	1961
7.484389536	1962
7.485017249	1963
7.485900584	1964
7.486785234	1965
7.48952438	1966
7.49040611	1967
7.490727711	1968
7.491422929	1969
7.494040926	1970
7.49800012	1971
7.499785317	1972
7.500134833	1973
7.502703906	1974
7.507518967	1975
7.508519073	1976
7.508755916	1977
7.50886515	1978
7.510489619	1979
7.510756584	1980
7.517446188	1981
7.52122985	1982
7.523013885	1983
7.526256852	1984
7.526880172	1985
7.527151037	1986
7.530008576	1987
7.531257446	1988
7.532448269	1989
7.535999115	1990
7.536246407	1991
7.536471499	1992
7.537367131	1993
7.539177214	1994
7.539619982	1995
7.543708747	1996
7.54637195	1997
7.550402815	1998
7.551083464	1999
7.552020566	2000
7.552158648	2001
7.555899506	2002
7.556396212	2003
7.558707214	2004
7.55970821	2005
7.561795223	2006
7.564887157	2007
7.576068175	2008
7.577145411	2009
7.581736802	2010
7.581911694	2011
7.582013238	2012
7.593897082	2013
7.594701602	2014
7.597282416	2015
7.600548592	2016
7.600940224	2017
7.601982971	2018
7.606443283	2019
7.609800149	2020
7.611717963	2021
7.613685725	2022
7.614506001	2023
7.616102984	2024
7.62001425	2025
7.620845967	2026
7.62217497	2027
7.622396589	2028
7.625060374	2029
7.62705791	2030
7.629582337	2031
7.639217495	2032
7.640923073	2033
7.645033479	2034
7.652687161	2035
7.654451683	2036
7.654762644	2037
7.657818377	2038
7.660714557	2039
7.662617161	2040
7.666389739	2041
7.672088433	2042
7.677699506	2043
7.678392193	2044
7.68264302	2045
7.686480631	2046
7.688895588	2047
7.689562586	2048
7.691456297	2049
7.696539046	2050
7.697097039	2051
7.701045637	2052
7.702513427	2053
7.702828969	2054
7.704566134	2055
7.705134247	2056
7.709305664	2057
7.714895636	2058
7.717775678	2059
7.719710642	2060
7.721141741	2061
7.728287809	2062
7.728516732	2063
7.728811406	2064
7.732518811	2065
7.733308924	2066
7.73369727	2067
7.735200176	2068
7.738569279	2069
7.739814927	2070
7.740191667	2071
7.742818796	2072
7.745808716	2073
7.746536397	2074
7.748126942	2075
7.748505151	2076
7.751949965	2077
7.753233931	2078
7.753447542	2079
7.755741899	2080
7.758308904	2081
7.758611476	2082
7.759138467	2083
7.759655935	2084
7.759827197	2085
7.759984534	2086
7.76028656	2087
7.760369769	2088
7.761067199	2089
7.761273929	2090
7.761716329	2091
7.763433036	2092
7.763465767	2093
7.763532028	2094
7.766619591	2095
7.770938673	2096
7.771213632	2097
7.771817502	2098
7.772977792	2099
7.773072563	2100
7.77740936	2101
7.779686377	2102
7.780036701	2103
7.78006857	2104
7.783060665	2105
7.784504723	2106
7.785250364	2107
7.786202485	2108
7.786758865	2109
7.790343616	2110
7.803106263	2111
7.803893212	2112
7.806223263	2113
7.806353649	2114
7.8071657	2115
7.810126642	2116
7.81282	2117
7.818410899	2118
7.822336002	2119
7.826698391	2120
7.827940698	2121
7.829538328	2122
7.831760191	2123
7.831777937	2124
7.832334947	2125
7.833029624	2126
7.844603882	2127
7.845009464	2128
7.846396341	2129
7.84939534	2130
7.850713495	2131
7.851251357	2132
7.851608823	2133
7.852218059	2134
7.854309989	2135
7.854682422	2136
7.861265826	2137
7.864059303	2138
7.868654891	2139
7.869532404	2140
7.870705147	2141
7.87228562	2142
7.875298767	2143
7.878656587	2144
7.880531182	2145
7.883592926	2146
7.890597583	2147
7.891497507	2148
7.891773425	2149
7.897251399	2150
7.897816745	2151
7.899253334	2152
7.901332609	2153
7.901760501	2154
7.905727888	2155
7.908612445	2156
7.909581802	2157
7.913745754	2158
7.915855352	2159
7.917782543	2160
7.918361369	2161
7.91841874	2162
7.931444982	2163
7.938304184	2164
7.94429047	2165
7.948611998	2166
7.950281253	2167
7.956854325	2168
7.957384209	2169
7.959077495	2170
7.962557594	2171
7.964696037	2172
7.965962537	2173
7.967232148	2174
7.971207984	2175
7.985464943	2176
7.986031793	2177
7.990260566	2178
7.992929847	2179
7.997389567	2180
7.997974514	2181
8.008059726	2182
8.018411019	2183
8.028249293	2184
8.034901971	2185
8.037822547	2186
8.039808118	2187
8.04110289	2188
8.043110185	2189
8.05882083	2190
8.060066162	2191
8.064535259	2192
8.068441685	2193
8.069534068	2194
8.07062846	2195
8.071769286	2196
8.075321704	2197
8.075419539	2198
8.07549638	2199
8.077345163	2200
8.080478927	2201
8.08392271	2202
8.085821743	2203
8.085868394	2204
8.086072734	2205
8.086448476	2206
8.090098849	2207
8.09069758	2208
8.091260599	2209
8.091678155	2210
8.091909964	2211
8.093392837	2212
8.098639779	2213
8.104715611	2214
8.107189121	2215
8.107833822	2216
8.114000104	2217
8.114168822	2218
8.114208262	2219
8.115301842	2220
8.12042784	2221
8.124593535	2222
8.125233003	2223
8.129352995	2224
8.13087603	2225
8.131068993	2226
8.136246885	2227
8.136394891	2228
8.136436164	2229
8.138836094	2230
8.140759854	2231
8.142619819	2232
8.145640444	2233
8.149448914	2234
8.153485349	2235
8.15526457	2236
8.164233853	2237
8.167941325	2238
8.172823278	2239
8.177704005	2240
8.192777713	2241
8.194888701	2242
8.196442557	2243
8.198738843	2244
8.201882968	2245
8.205239938	2246
8.206949016	2247
8.212069992	2248
8.212824995	2249
8.223345056	2250
8.223603181	2251
8.237250303	2252
8.242243228	2253
8.245520903	2254
8.257493651	2255
8.257573101	2256
8.258307651	2257
8.258754781	2258
8.259884832	2259
8.26338246	2260
8.268058311	2261
8.271332161	2262
8.280701701	2263
8.281178892	2264
8.286986988	2265
8.287331013	2266
8.291041268	2267
8.2925276	2268
8.293260835	2269
8.294827482	2270
8.297421663	2271
8.298103823	2272
8.298915144	2273
8.30013444	2274
8.302884445	2275
8.306529875	2276
8.306899985	2277
8.307361356	2278
8.309336611	2279
8.310428597	2280
8.311640471	2281
8.311821089	2282
8.315747911	2283
8.321569568	2284
8.322538552	2285
8.326556755	2286
8.326723586	2287
8.333101637	2288
8.335037878	2289
8.337676623	2290
8.348029712	2291
8.348380092	2292
8.353175262	2293
8.35334173	2294
8.355265765	2295
8.355970146	2296
8.356624048	2297
8.358045077	2298
8.358836905	2299
8.361687939	2300
8.373500049	2301
8.374516755	2302
8.382330323	2303
8.383070943	2304
8.39173133	2305
8.394384962	2306
8.395096219	2307
8.397642096	2308
8.399443851	2309
8.411581184	2310
8.417577304	2311
8.421905558	2312
8.424145411	2313
8.430680201	2314
8.432948552	2315
8.449050198	2316
8.449894799	2317
8.450312617	2318
8.452367262	2319
8.454816497	2320
8.46365175	2321
8.466521181	2322
8.466999287	2323
8.488679166	2324
8.491309268	2325
8.50102057	2326
8.506934312	2327
8.50842943	2328
8.521822848	2329
8.525173589	2330
8.525627796	2331
8.529047442	2332
8.532145315	2333
8.546012167	2334
8.561727466	2335
8.563659213	2336
8.568969827	2337
8.574113626	2338
8.579122639	2339
8.580673397	2340
8.581512624	2341
8.584018608	2342
8.589069801	2343
8.590281099	2344
8.5958011	2345
8.597309757	2346
8.598553115	2347
8.602727903	2348
8.602925531	2349
8.603275047	2350
8.603781084	2351
8.604015507	2352
8.604135667	2353
8.606344817	2354
8.607530184	2355
8.608353142	2356
8.609176659	2357
8.609180783	2358
8.610919482	2359
8.611793349	2360
8.613373458	2361
8.613739283	2362
8.617322881	2363
8.620408544	2364
8.621097583	2365
8.62117189	2366
8.622198815	2367
8.624003361	2368
8.625124336	2369
8.627634568	2370
8.627733339	2371
8.627846488	2372
8.628077783	2373
8.628480706	2374
8.629450235	2375
8.630683823	2376
8.631340208	2377
8.631346648	2378
8.632472472	2379
8.632563632	2380
8.636614976	2381
8.637332734	2382
8.638574859	2383
8.640700919	2384
8.642158478	2385
8.642253387	2386
8.643890876	2387
8.644079298	2388
8.644623242	2389
8.653412102	2390
8.653958205	2391
8.657469768	2392
8.659061342	2393
8.659097492	2394
8.660676894	2395
8.661118204	2396
8.677208974	2397
8.698330077	2398
8.698655495	2399
8.701085064	2400
8.701506176	2401
8.721793183	2402
8.7323157	2403
8.735546613	2404
8.736178863	2405
8.7484644	2406
8.770246076	2407
8.772124607	2408
8.795537862	2409
8.801575382	2410
8.802297907	2411
8.811271497	2412
8.816042327	2413
8.836102306	2414
8.855051193	2415
8.857734425	2416
8.865808163	2417
8.879865223	2418
8.897748182	2419
8.904646047	2420
8.914986337	2421
8.9449582	2422
8.975699606	2423
8.985231963	2424
9.045546607	2425
9.16893859	2426
9.268058391	2427
9.273825648	2428
9.374680734	2429
9.425845613	2430
9.430335465	2431
9.445879484	2432
9.488403655	2433
9.498580666	2434
9.587200752	2435
9.618710355	2436
9.641238488	2437
9.652063126	2438
9.677296635	2439
9.703845433	2440
9.714425719	2441
9.7395448	2442
9.750424101	2443
9.778871228	2444
9.798509489	2445
9.851067156	2446
9.852713835	2447
9.868991664	2448
9.872232738	2449
9.884338077	2450
9.884710933	2451
9.911236853	2452
9.916369217	2453
9.94150735	2454
9.942873867	2455
9.94532199	2456
9.955091007	2457
9.9675819	2458
9.986754147	2459
9.995629501	2460
9.99670257	2461
10.026302899	2462
10.047946666	2463
10.048275539	2464
10.053672701	2465
10.05457055	2466
10.08521762	2467
10.096440326	2468
10.112399324	2469
10.125159201	2470
10.14188385	2471
10.165548362	2472
10.169911268	2473
10.206672346	2474
10.25732745	2475
10.260617188	2476
10.267803628	2477
10.291936821	2478
10.29680978	2479
10.307475523	2480
10.326155159	2481
10.334910186	2482
10.337709794	2483
10.361676371	2484
10.36250532	2485
10.378158991	2486
10.380780713	2487
10.381177843	2488
10.384053392	2489
10.386194905	2490
10.392208705	2491
10.392379376	2492
10.402116185	2493
10.4037406	2494
10.406017995	2495
10.415601962	2496
10.415886411	2497
10.416389649	2498
10.418235158	2499
10.41834554	2500
10.418384566	2501
10.430068127	2502
10.431800586	2503
10.433570515	2504
10.436430861	2505
10.437197846	2506
10.437318065	2507
10.438834878	2508
10.440325248	2509
10.443561992	2510
10.447500078	2511
10.450678598	2512
10.45411725	2513
10.460455561	2514
10.460853	2515
10.463399624	2516
10.469714052	2517
10.470714623	2518
10.471367251	2519
10.477342614	2520
10.480493805	2521
10.48205971	2522
10.487932632	2523
10.497210214	2524
10.506575785	2525
10.536013916	2526
10.579307445	2527
10.669744622	2528
10.674255684	2529
10.677041679	2530
10.683249143	2531
10.686615197	2532
10.690344668	2533
10.695896159	2534
10.696873268	2535
10.698905313	2536
10.706631034	2537
10.709164752	2538
10.710717582	2539
10.713600855	2540
10.718751186	2541
10.727385797	2542
10.732644452	2543
10.738938271	2544
10.741126052	2545
10.743475177	2546
10.747187225	2547
10.75156427	2548
10.760191998	2549
10.766466128	2550
10.768034804	2551
10.783591882	2552
10.797313729	2553
10.804128457	2554
10.807547919	2555
10.810546577	2556
10.822347482	2557
10.825068649	2558
10.828003702	2559
10.831493948	2560
10.835730832	2561
10.836396366	2562
10.8666291	2563
10.8766374	2564
10.901733147	2565
10.90658643	2566
10.932168616	2567
10.9379474	2568
10.942004525	2569
10.952424862	2570
10.961937799	2571
10.969424525	2572
10.975153993	2573
10.97850165	2574
10.991664412	2575
10.996834512	2576
10.999653016	2577
10.999755093	2578
11.012940514	2579
11.013272121	2580
11.018148355	2581
11.03516661	2582
11.035206639	2583
11.051660577	2584
11.054230739	2585
11.060094685	2586
11.066214014	2587
11.077405929	2588
11.07942384	2589
11.084422005	2590
11.087622105	2591
11.088962392	2592
11.093318492	2593
11.094554138	2594
11.099578027	2595
11.102615511	2596
11.10280912	2597
11.105302704	2598
11.126639335	2599
11.145787021	2600
11.148115464	2601
11.189506805	2602
11.244605305	2603
11.273814329	2604
11.283534031	2605
11.315725589	2606
11.324436263	2607
11.325226466	2608
11.372509593	2609
11.382171442	2610
11.38564974	2611
11.412650705	2612
11.414187866	2613
11.503210081	2614
11.536478345	2615
11.548100061	2616
11.575145794	2617
11.700095385	2618
11.700153803	2619
11.738389516	2620
11.742180932	2621
11.745255429	2622
11.749306117	2623
11.77348998	2624
11.774578387	2625
11.793155285	2626
11.809566364	2627
11.816923709	2628
11.891472378	2629
11.928773159	2630
11.934221052	2631
11.9950835	2632
12.09396141	2633
12.165832661	2634
12.194915449	2635
12.196971967	2636
12.203947356	2637
12.434669417	2638
12.490256423	2639
12.543095676	2640
12.555942204	2641
12.558458883	2642
12.585049516	2643
12.616901001	2644
12.641390305	2645
12.643857644	2646
12.644806113	2647
12.657869952	2648
12.686285535	2649
12.705339422	2650
12.709824895	2651
12.724052721	2652
12.738276676	2653
12.752685574	2654
12.855047816	2655
12.877904069	2656
12.893549999	2657
12.905260692	2658
12.935411764	2659
12.9457202	2660
12.961799687	2661
12.969920433	2662
13.001918259	2663
13.020095463	2664
13.0226152	2665
13.05897306	2666
13.102020402	2667
13.123135078	2668
13.130555685	2669
13.169934778	2670
13.225055718	2671
13.232544926	2672
13.278297094	2673
13.34187736	2674
13.562873695	2675
13.644539761	2676
13.664679336	2677
13.703101761	2678
13.70664114	2679
13.77116886	2680
13.868596554	2681
14.001329097	2682
14.012713446	2683
14.079513202	2684
14.132610844	2685
14.148214595	2686
14.196527776	2687
14.283694219	2688
14.412509626	2689
14.41391518	2690
14.414730751	2691
14.426125127	2692
14.432692495	2693
14.435979874	2694
14.436793444	2695
14.449529426	2696
14.452043668	2697
14.542683496	2698
14.600140938	2699
14.600805565	2700
14.635262754	2701
14.638829598	2702
14.657667483	2703
14.683851852	2704
14.697099324	2705
14.705080773	2706
14.728163684	2707
14.733026327	2708
14.742148546	2709
14.742254098	2710
14.74774994	2711
14.761658902	2712
14.81548078	2713
14.841813786	2714
14.877686898	2715
14.990882904	2716
14.9946683	2717
15.065365511	2718
15.112878166	2719
15.157077889	2720
15.166939343	2721
15.296845736	2722
15.30442902	2723
15.311858293	2724
15.31731747	2725
15.332521329	2726
15.33298053	2727
15.395559563	2728
15.405564882	2729
15.411964594	2730
15.428472683	2731
15.448400928	2732
15.453511586	2733
15.464190956	2734
15.469213085	2735
15.484712154	2736
15.507358256	2737
15.508127604	2738
15.519229213	2739
15.549632088	2740
15.551150056	2741
15.555607123	2742
15.559219199	2743
15.564940751	2744
15.573555572	2745
15.584538205	2746
15.60760922	2747
15.638187102	2748
15.651505406	2749
15.652846193	2750
15.655547994	2751
15.669767946	2752
15.676608974	2753
15.688761204	2754
15.739026026	2755
15.748194175	2756
15.756970593	2757
15.76360112	2758
15.849197582	2759
15.8528731	2760
15.873661589	2761
15.898641604	2762
15.945490552	2763
15.966644721	2764
15.999468423	2765
16.014987459	2766
16.040943699	2767
16.053602311	2768
16.105900524	2769
16.128542077	2770
16.131243732	2771
16.134886029	2772
16.173742596	2773
16.196918032	2774
16.219289932	2775
16.235571722	2776
16.262359771	2777
16.270591676	2778
16.286084958	2779
16.313327368	2780
16.321585077	2781
16.385943328	2782
16.436689559	2783
16.473340493	2784
16.510271042	2785
16.514414869	2786
16.520907781	2787
16.529640395	2788
16.56303047	2789
16.576394988	2790
16.584746292	2791
16.634293838	2792
16.718935496	2793
16.72171494	2794
16.729653087	2795
16.748997503	2796
16.757145256	2797
16.76466817	2798
16.781964913	2799
16.791144476	2800
16.815446969	2801
16.818541932	2802
16.835252109	2803
16.85482122	2804
16.857534122	2805
16.882561606	2806
16.890742356	2807
16.930912357	2808
16.947491565	2809
16.974379686	2810
17.035263582	2811
17.05478096	2812
17.085115211	2813
17.10947236	2814
17.168569297	2815
17.193533549	2816
17.208190692	2817
17.241863235	2818
17.278111809	2819
17.287492563	2820
17.293466693	2821
17.351630977	2822
17.362842436	2823
17.45270971	2824
17.471410233	2825
17.487062552	2826
17.540872642	2827
17.54314947	2828
17.557022857	2829
17.604508188	2830
17.622726687	2831
17.629895251	2832
17.683707652	2833
17.687627042	2834
17.759378999	2835
17.84145578	2836
17.853956212	2837
17.865568276	2838
17.900697565	2839
17.903120074	2840
17.99477594	2841
17.996708889	2842
18.098032915	2843
18.157791073	2844
18.245008725	2845
18.248293361	2846
18.290346431	2847
18.358581479	2848
18.40301238	2849
18.403967959	2850
18.419437933	2851
18.452583602	2852
18.454902754	2853
18.460262065	2854
18.469039621	2855
18.469749318	2856
18.478903559	2857
18.485350186	2858
18.49586547	2859
18.513247238	2860
18.514929371	2861
18.534524887	2862
18.546472249	2863
18.550365582	2864
18.555518395	2865
18.557456985	2866
18.559460737	2867
18.560102303	2868
18.567519691	2869
18.568867909	2870
18.574875176	2871
18.575882849	2872
18.579922842	2873
18.580332758	2874
18.582050292	2875
18.584658333	2876
18.586727153	2877
18.586838291	2878
18.588672634	2879
18.588686207	2880
18.594181073	2881
18.597786503	2882
18.600726242	2883
18.603692896	2884
18.615767326	2885
18.620102373	2886
18.62931105	2887
18.629611324	2888
18.640565086	2889
18.643718434	2890
18.644096309	2891
18.648795235	2892
18.658018552	2893
18.66017981	2894
18.667112999	2895
18.669331287	2896
18.680001783	2897
18.684273397	2898
18.726423447	2899
18.747956787	2900
18.750970126	2901
18.766511315	2902
18.900602669	2903
18.941154063	2904
18.960513701	2905
18.981448805	2906
19.054246338	2907
19.082102909	2908
19.134316875	2909
19.134960152	2910
19.148051707	2911
19.152671157	2912
19.176036771	2913
19.217413544	2914
19.217987316	2915
19.232569357	2916
19.304423916	2917
19.317214505	2918
19.391539408	2919
19.423779481	2920
19.449356332	2921
19.474153084	2922
19.50355676	2923
19.519803478	2924
19.527244798	2925
19.536403116	2926
19.615899843	2927
19.726744602	2928
19.917850903	2929
20.038447457	2930
20.066282725	2931
20.076306681	2932
20.098907577	2933
20.216116353	2934
20.280131595	2935
20.574431292	2936
20.596773197	2937
20.644511672	2938
20.725075196	2939
20.783284309	2940
20.87033467	2941
20.921605239	2942
21.14951244	2943
21.169906211	2944
21.177710269	2945
21.21700246	2946
21.408186604	2947
21.446783997	2948
21.713617717	2949
21.743395326	2950
21.897754539	2951
21.933803606	2952
22.03070636	2953
22.079729444	2954
22.12086309	2955
22.159996416	2956
22.196843674	2957
22.432334732	2958
22.435991013	2959
22.516357358	2960
22.80018389	2961
22.801072932	2962
22.848509883	2963
22.874791591	2964
23.025772436	2965
23.129817083	2966
23.302481213	2967
23.38536322	2968
23.424782486	2969
23.433940625	2970
23.547384359	2971
24.091909543	2972
24.449368743	2973
24.496118805	2974
24.699040412	2975
24.729962086	2976
25.083933519	2977
25.514379355	2978
25.536580039	2979
25.563546966	2980
26.642986208	2981
26.775082757	2982
27.36627929	2983
27.705900954	2984
28.627570205	2985
28.753421465	2986
29.001973442	2987
29.076991801	2988
29.168687645	2989
29.494139052	2990
29.678685064	2991
29.729576593	2992
30.121532006	2993
31.037279323	2994
31.037727708	2995
31.160857801	2996
31.791326561	2997
31.823758271	2998
31.980082898	2999
32.003833541	3000
32.041491175	3001
32.427012793	3002
32.61271605	3003
32.637094588	3004
32.961489015	3005
33.631431377	3006
33.737377603	3007
34.177662288	3008
34.266006388	3009
34.309033972	3010
34.389583607	3011
34.567569015	3012
34.712292143	3013
34.713610605	3014
35.590714552	3015
36.307948933	3016
36.352407695	3017
36.733661905	3018
37.311399486	3019
37.730966447	3020
37.764612441	3021
38.295155256	3022
38.366023193	3023
38.547297736	3024
38.944492158	3025
39.295608757	3026
39.610221525	3027
39.712319686	3028
39.922283684	3029
39.979123532	3030
40.084073427	3031
40.285730212	3032
40.70677725	3033
41.314873605	3034
41.54003508	3035
41.660839369	3036
41.705484654	3037
41.722041702	3038
41.829721215	3039
41.918884786	3040
42.132246855	3041
42.445406284	3042
42.662843068	3043
43.169242553	3044
43.240244943	3045
43.495665139	3046
43.524729416	3047
44.786201904	3048
44.788580528	3049
44.901331083	3050
45.326590532	3051
46.333684964	3052
46.348471287	3053
46.750946135	3054
46.986364167	3055
47.101566194	3056
48.538416496	3057
48.671085309	3058
48.701058668	3059
48.730364277	3060
48.808240682	3061
48.80926394	3062
48.837433058	3063
48.988492733	3064
49.102381312	3065
50.072648611	3066
50.198325035	3067
50.425470613	3068
50.444826001	3069
50.50814384	3070
50.566745618	3071
50.591004689	3072
51.28868277	3073
51.628089532	3074
51.71597114	3075
51.849655543	3076
52.041087534	3077
52.125645416	3078
52.393683008	3079
52.471772778	3080
53.088600743	3081
53.115124768	3082
53.121765149	3083
53.243131153	3084
53.387859205	3085
53.650019643	3086
53.897537024	3087
54.045096173	3088
54.449343717	3089
55.095742835	3090
55.189943181	3091
55.315178208	3092
55.458696699	3093
55.576493008	3094
55.723074203	3095
56.118522718	3096
56.147842929	3097
56.240200829	3098
56.482626293	3099
57.170096589	3100
57.890462022	3101
57.989285016	3102
58.351459521	3103
58.537423199	3104
59.84971925	3105
60.333176887	3106
60.378326335	3107
60.395955284	3108
60.765089254	3109
61.513072194	3110
63.347792436	3111
63.425420291	3112
63.656402863	3113
63.911351822	3114
65.373178998	3115
66.070106322	3116
66.432223877	3117
66.722683451	3118
67.376959319	3119
68.552918554	3120
68.782963997	3121
70.305504983	3122
70.322854803	3123
70.33836269	3124
71.089032865	3125
72.863503097	3126
73.546902937	3127
74.668757424	3128
75.830237742	3129
76.813931441	3130
77.342787729	3131
78.277268348	3132
78.545362754	3133
80.07507244	3134
80.465939019	3135
80.838712307	3136
82.278101485	3137
82.79933475	3138
83.421198373	3139
83.813003271	3140
83.837430571	3141
84.162256848	3142
84.600742461	3143
86.864278822	3144
89.718819395	3145
93.095566027	3146
95.481273487	3147
96.348142895	3148
96.806149403	3149
98.148440066	3150
98.718187671	3151
99.065894337	3152
101.06557886	3153
101.235523478	3154
102.107645611	3155
104.158645	3156
104.847568945	3157
105.50431642	3158
105.671695569	3159
106.339673361	3160
106.583284409	3161
108.091762983	3162
108.24634083	3163
109.432881165	3164
114.311907407	3165
116.232523719	3166
117.547636594	3167
117.75269861	3168
118.072534259	3169
118.279021131	3170
120.971527951	3171
121.200211691	3172
124.818377523	3173
145.543293085	3174
147.888841465	3175
169.724640665	3176
180.102453663	3177
266.11399684	3178
974.34641214	3179
1109.058780111	3180
1164.998963253	3181
