5.987376751	1
5.989410932	2
6.004911318	3
6.013511146	4
6.024277384	5
6.027728128	6
6.03028546	7
6.031485429	8
6.033401665	9
6.034602819	10
6.039481945	11
6.042924089	12
6.049112761	13
6.050165059	14
6.051567775	15
6.054165798	16
6.054318601	17
6.056045598	18
6.056558207	19
6.057624023	20
6.059355999	21
6.06165964	22
6.062198845	23
6.063495437	24
6.066243324	25
6.067768069	26
6.068476969	27
6.0706019	28
6.070775551	29
6.071992479	30
6.073968492	31
6.07470449	32
6.075013664	33
6.077514283	34
6.080285742	35
6.083289254	36
6.084387702	37
6.085410449	38
6.089536541	39
6.089562987	40
6.091568934	41
6.093319344	42
6.094950793	43
6.097191943	44
6.102563145	45
6.103917216	46
6.107107907	47
6.110765021	48
6.119260205	49
6.12162008	50
6.176836592	51
6.184422842	52
6.193992662	53
6.202570626	54
6.202901721	55
6.204689636	56
6.2052219	57
6.205712423	58
6.206236602	59
6.207308654	60
6.209767165	61
6.215376573	62
6.216007892	63
6.218738866	64
6.21888502	65
6.219418697	66
6.219990127	67
6.220576663	68
6.220994089	69
6.22130282	70
6.222206978	71
6.222267728	72
6.225891629	73
6.226031313	74
6.22629505	75
6.227955909	76
6.228313163	77
6.229901804	78
6.230032196	79
6.230570938	80
6.231253355	81
6.23144277	82
6.231894299	83
6.232294099	84
6.232353329	85
6.233173521	86
6.233497668	87
6.233592967	88
6.233794844	89
6.23477261	90
6.234773832	91
6.235118732	92
6.235326977	93
6.236256752	94
6.237124087	95
6.237803455	96
6.238665846	97
6.238775528	98
6.239287763	99
6.239962609	100
6.240535937	101
6.240675961	102
6.241184556	103
6.241685157	104
6.242970235	105
6.243401426	106
6.243599794	107
6.24396201	108
6.244193276	109
6.244905809	110
6.245655128	111
6.245684618	112
6.246248727	113
6.246991731	114
6.247607428	115
6.248761097	116
6.248799835	117
6.24990873	118
6.250856084	119
6.251444884	120
6.251524995	121
6.252918691	122
6.253610231	123
6.253786244	124
6.253996813	125
6.256117843	126
6.256445393	127
6.256461135	128
6.257503485	129
6.257889839	130
6.258143831	131
6.25850704	132
6.258786042	133
6.25885163	134
6.259616559	135
6.259942662	136
6.260205068	137
6.26026268	138
6.260431435	139
6.260517776	140
6.260787826	141
6.261136146	142
6.261373322	143
6.262033611	144
6.262284795	145
6.262751339	146
6.263065734	147
6.263085817	148
6.263227223	149
6.263301846	150
6.264131804	151
6.264209615	152
6.265262902	153
6.265282981	154
6.265469136	155
6.265646758	156
6.266545506	157
6.267253069	158
6.267296633	159
6.267850908	160
6.268785818	161
6.269455387	162
6.269635104	163
6.269676177	164
6.26998566	165
6.270252819	166
6.270568565	167
6.270770363	168
6.271603291	169
6.271653524	170
6.271812726	171
6.272156171	172
6.272157513	173
6.272288138	174
6.272518388	175
6.272545061	176
6.272564534	177
6.272777417	178
6.272798686	179
6.273531874	180
6.273668326	181
6.273673311	182
6.274354988	183
6.274539674	184
6.274980086	185
6.275323873	186
6.275507457	187
6.275867744	188
6.276340909	189
6.276374241	190
6.276698444	191
6.276762272	192
6.277159454	193
6.277454275	194
6.277514341	195
6.277986985	196
6.278150621	197
6.278213916	198
6.278432504	199
6.278872896	200
6.279018347	201
6.279514876	202
6.2795267	203
6.279854913	204
6.280551953	205
6.280750488	206
6.280807469	207
6.280831038	208
6.281311983	209
6.281530249	210
6.281539175	211
6.282161538	212
6.282344138	213
6.282974212	214
6.283272104	215
6.283894575	216
6.284062447	217
6.284346537	218
6.284391735	219
6.285195165	220
6.285287862	221
6.285353741	222
6.285454049	223
6.28588018	224
6.286016494	225
6.286129784	226
6.286253281	227
6.286263071	228
6.286419802	229
6.287045088	230
6.287154099	231
6.287174241	232
6.287333062	233
6.287597857	234
6.287887448	235
6.287945219	236
6.288004116	237
6.288343076	238
6.28836834	239
6.28847218	240
6.288688871	241
6.288781852	242
6.289240721	243
6.289449176	244
6.289667226	245
6.289948214	246
6.290487829	247
6.290916182	248
6.291026055	249
6.291102222	250
6.291567902	251
6.291684494	252
6.292159143	253
6.292231988	254
6.292556682	255
6.292681887	256
6.292883543	257
6.29310432	258
6.293137382	259
6.293227151	260
6.293320074	261
6.293518472	262
6.293709626	263
6.29392012	264
6.294227999	265
6.294286559	266
6.294447612	267
6.294711362	268
6.294830503	269
6.2949841	270
6.295301254	271
6.2953823	272
6.295500856	273
6.296089559	274
6.296103735	275
6.296454402	276
6.296489156	277
6.296759637	278
6.297092182	279
6.29742858	280
6.297500314	281
6.2977715	282
6.29796892	283
6.298083273	284
6.298568916	285
6.298721722	286
6.299360962	287
6.299740443	288
6.300185577	289
6.300442089	290
6.300820512	291
6.301229574	292
6.30152036	293
6.30169873	294
6.301966652	295
6.302008263	296
6.302043651	297
6.302133239	298
6.302147835	299
6.302297813	300
6.302519022	301
6.302590947	302
6.303807094	303
6.303948355	304
6.304313433	305
6.304528824	306
6.304628307	307
6.304749841	308
6.30511766	309
6.305144625	310
6.305207456	311
6.305634809	312
6.306032567	313
6.30662284	314
6.30669413	315
6.307290873	316
6.307542282	317
6.307788895	318
6.307816259	319
6.308057754	320
6.308337786	321
6.308340734	322
6.308575527	323
6.308640859	324
6.308888905	325
6.309132416	326
6.309231305	327
6.309378872	328
6.309682483	329
6.309977096	330
6.31025375	331
6.310693258	332
6.311239001	333
6.311445856	334
6.311520126	335
6.311600654	336
6.3117779	337
6.311848543	338
6.312384353	339
6.312628722	340
6.31297075	341
6.313015264	342
6.313317909	343
6.313588887	344
6.313679291	345
6.314172358	346
6.314305908	347
6.314422995	348
6.31467035	349
6.314919735	350
6.315317084	351
6.315518016	352
6.315613178	353
6.315965028	354
6.316091256	355
6.316677232	356
6.316864957	357
6.317127638	358
6.318008217	359
6.318016809	360
6.318622829	361
6.318835199	362
6.319770735	363
6.319861279	364
6.319985653	365
6.320520861	366
6.32086271	367
6.321221735	368
6.32180276	369
6.321841527	370
6.322038032	371
6.322103139	372
6.322336879	373
6.322416037	374
6.322700261	375
6.322749587	376
6.322810684	377
6.322820118	378
6.32361967	379
6.323851349	380
6.323944906	381
6.324177865	382
6.324976617	383
6.325100717	384
6.325480155	385
6.326609883	386
6.327368739	387
6.327449423	388
6.32779017	389
6.32779632	390
6.328728012	391
6.329539152	392
6.32995265	393
6.330010666	394
6.330529946	395
6.330549556	396
6.330875241	397
6.331032473	398
6.33135015	399
6.332682386	400
6.335059496	401
6.335766384	402
6.336745802	403
6.337077771	404
6.337794608	405
6.338258109	406
6.338279154	407
6.338363245	408
6.340628463	409
6.340820227	410
6.341363362	411
6.342467291	412
6.342750291	413
6.342816992	414
6.34466069	415
6.3447469	416
6.346160717	417
6.34669385	418
6.34947878	419
6.349699482	420
6.350673815	421
6.350909883	422
6.351945556	423
6.352030643	424
6.352424862	425
6.35260754	426
6.353489574	427
6.355805052	428
6.356504321	429
6.357056056	430
6.358079162	431
6.35886632	432
6.35949942	433
6.360500711	434
6.361079965	435
6.361374078	436
6.362419205	437
6.362724339	438
6.363728944	439
6.365139344	440
6.366646529	441
6.367573368	442
6.368148191	443
6.36843449	444
6.368460365	445
6.368888422	446
6.370710072	447
6.371697583	448
6.371886409	449
6.373032335	450
6.373668	451
6.373902238	452
6.374636199	453
6.374683439	454
6.374868847	455
6.37510277	456
6.376331971	457
6.376951444	458
6.377341212	459
6.377714504	460
6.378812503	461
6.3789779	462
6.379120279	463
6.379217678	464
6.379633848	465
6.381078818	466
6.381351328	467
6.382869795	468
6.383221711	469
6.383603927	470
6.385337115	471
6.38556936	472
6.386630243	473
6.387256339	474
6.387746201	475
6.388071373	476
6.388127166	477
6.388842463	478
6.388961218	479
6.388995071	480
6.389669385	481
6.390990031	482
6.391580857	483
6.391654526	484
6.392125897	485
6.392225033	486
6.392592982	487
6.393487461	488
6.393687708	489
6.393770251	490
6.39452947	491
6.394921089	492
6.39513189	493
6.396037076	494
6.396663305	495
6.396724803	496
6.397256036	497
6.397952538	498
6.39849801	499
6.399622032	500
6.399849313	501
6.400360079	502
6.401581464	503
6.401846614	504
6.40316563	505
6.403285049	506
6.40402895	507
6.404567281	508
6.406631027	509
6.408351257	510
6.408706503	511
6.409339731	512
6.409367645	513
6.40945284	514
6.410989956	515
6.411401176	516
6.41292874	517
6.417646813	518
6.418085171	519
6.419303613	520
6.421478134	521
6.421718246	522
6.427607527	523
6.42780119	524
6.428203988	525
6.429017852	526
6.429514255	527
6.429681263	528
6.429772023	529
6.432036724	530
6.432217207	531
6.434683478	532
6.435725377	533
6.435755647	534
6.436077273	535
6.436669506	536
6.437794931	537
6.438226209	538
6.441329429	539
6.44143006	540
6.443338029	541
6.446210109	542
6.447922812	543
6.448826784	544
6.449035897	545
6.449702257	546
6.450775876	547
6.451995029	548
6.452534953	549
6.453213634	550
6.455591861	551
6.463234811	552
6.464153092	553
6.464615637	554
6.465074504	555
6.465597347	556
6.46642883	557
6.467189851	558
6.467949076	559
6.467993357	560
6.468261787	561
6.468956516	562
6.469834606	563
6.471040732	564
6.471927413	565
6.474477785	566
6.477401531	567
6.477950609	568
6.478123666	569
6.47908103	570
6.479960475	571
6.480857376	572
6.481558506	573
6.482190626	574
6.482405507	575
6.484536669	576
6.484916801	577
6.48878422	578
6.489764415	579
6.490128866	580
6.490390789	581
6.491955123	582
6.495932224	583
6.496505039	584
6.497375652	585
6.497810297	586
6.498232764	587
6.498948153	588
6.500135833	589
6.500427348	590
6.500715854	591
6.500855202	592
6.501100781	593
6.50189336	594
6.502870073	595
6.503390495	596
6.504125832	597
6.504519331	598
6.504609366	599
6.505171612	600
6.506970343	601
6.508243177	602
6.508687535	603
6.508935679	604
6.509603785	605
6.510205646	606
6.510266433	607
6.510494921	608
6.510730082	609
6.51085194	610
6.51143641	611
6.512474907	612
6.513046154	613
6.513242831	614
6.513815324	615
6.514587151	616
6.515218439	617
6.515394046	618
6.515584193	619
6.515652444	620
6.515669105	621
6.516988163	622
6.517969431	623
6.518210244	624
6.518607911	625
6.518995904	626
6.519000884	627
6.519459196	628
6.51997458	629
6.520110249	630
6.520432659	631
6.520560679	632
6.520607508	633
6.521242009	634
6.521549152	635
6.521792391	636
6.521984374	637
6.522217854	638
6.522482305	639
6.522599497	640
6.522897339	641
6.523321366	642
6.524355643	643
6.525846985	644
6.526624539	645
6.528639658	646
6.529297694	647
6.530590006	648
6.531175783	649
6.53138285	650
6.531742466	651
6.532247597	652
6.532566391	653
6.532793275	654
6.532878479	655
6.5333454	656
6.534163141	657
6.535277283	658
6.53536976	659
6.536176035	660
6.537092126	661
6.537391421	662
6.537813412	663
6.537817831	664
6.538831631	665
6.539412693	666
6.539687968	667
6.539862809	668
6.540013559	669
6.540712699	670
6.540825887	671
6.540868376	672
6.54097775	673
6.541960964	674
6.544389182	675
6.5447933	676
6.545703827	677
6.546254956	678
6.546462446	679
6.546558079	680
6.546796917	681
6.546988474	682
6.547129879	683
6.547195606	684
6.547560494	685
6.548013075	686
6.548258517	687
6.548778925	688
6.549268527	689
6.550177345	690
6.551092351	691
6.551840286	692
6.552319357	693
6.554410821	694
6.554725527	695
6.554969272	696
6.555248922	697
6.556519022	698
6.556887004	699
6.556946826	700
6.558897848	701
6.558973436	702
6.559451484	703
6.559486898	704
6.560255237	705
6.561776474	706
6.561960697	707
6.562077583	708
6.562088918	709
6.562309655	710
6.562561469	711
6.563169818	712
6.563535531	713
6.56446859	714
6.564703894	715
6.564972421	716
6.565339547	717
6.565353588	718
6.565376123	719
6.566413854	720
6.56664602	721
6.566890602	722
6.567295135	723
6.568212434	724
6.569258179	725
6.570506624	726
6.570598323	727
6.571091786	728
6.571787248	729
6.57318853	730
6.573567043	731
6.573902107	732
6.574235271	733
6.574340986	734
6.57436793	735
6.575223422	736
6.575427346	737
6.575744775	738
6.576191826	739
6.577247182	740
6.577642616	741
6.578918776	742
6.579147903	743
6.579583379	744
6.579611301	745
6.579998779	746
6.580320758	747
6.580644327	748
6.580910552	749
6.581430052	750
6.581761375	751
6.58200918	752
6.58202873	753
6.582142861	754
6.582366148	755
6.582389633	756
6.583041155	757
6.583381491	758
6.583787649	759
6.585987432	760
6.586008877	761
6.586128329	762
6.58644959	763
6.586967444	764
6.58756147	765
6.587727622	766
6.587829121	767
6.588396191	768
6.588414568	769
6.588697375	770
6.589481302	771
6.589940199	772
6.591106387	773
6.591128142	774
6.592570649	775
6.592681996	776
6.592817841	777
6.593228343	778
6.594394211	779
6.594480972	780
6.594755297	781
6.594755732	782
6.595493116	783
6.595729473	784
6.596010549	785
6.596123343	786
6.596411223	787
6.596645201	788
6.5971039	789
6.597890553	790
6.598388634	791
6.599146814	792
6.599327556	793
6.5997153	794
6.599724401	795
6.599860596	796
6.600139781	797
6.601689336	798
6.602125913	799
6.602673447	800
6.60277432	801
6.604101281	802
6.605772096	803
6.607905873	804
6.608986694	805
6.609195494	806
6.609706086	807
6.610406654	808
6.611535809	809
6.611716704	810
6.612272369	811
6.613023955	812
6.613392716	813
6.613508776	814
6.614078055	815
6.615013638	816
6.615585546	817
6.616276923	818
6.616809402	819
6.617473227	820
6.618062584	821
6.618964819	822
6.618973577	823
6.619745249	824
6.619820479	825
6.620101202	826
6.620359792	827
6.621052267	828
6.621810841	829
6.622363758	830
6.622398711	831
6.623237842	832
6.62486527	833
6.626720077	834
6.626843406	835
6.627286908	836
6.627579755	837
6.627928298	838
6.628321633	839
6.629843738	840
6.630947216	841
6.631022837	842
6.631284744	843
6.631958894	844
6.632190324	845
6.633326399	846
6.635393247	847
6.638563198	848
6.639258199	849
6.639564463	850
6.639665279	851
6.639819016	852
6.640215567	853
6.640473084	854
6.641797439	855
6.6419324	856
6.642438451	857
6.642913239	858
6.643199281	859
6.64346846	860
6.643724874	861
6.64461894	862
6.644800274	863
6.645138377	864
6.645194846	865
6.645349242	866
6.645577921	867
6.645702227	868
6.647232978	869
6.647978966	870
6.648402374	871
6.648803231	872
6.648920499	873
6.648958946	874
6.649749075	875
6.649972132	876
6.650400115	877
6.651328205	878
6.651860869	879
6.652164413	880
6.652678324	881
6.653986912	882
6.65455433	883
6.655588952	884
6.65679308	885
6.657097732	886
6.657259659	887
6.660038201	888
6.660697388	889
6.661578277	890
6.661908515	891
6.662193284	892
6.663243272	893
6.663666398	894
6.663668005	895
6.664012887	896
6.665865728	897
6.666412953	898
6.666876049	899
6.66691569	900
6.667585617	901
6.668708961	902
6.668860393	903
6.668908289	904
6.671135347	905
6.671287819	906
6.671361858	907
6.671515061	908
6.674788499	909
6.676288448	910
6.676922877	911
6.678481444	912
6.678494302	913
6.678985388	914
6.67947067	915
6.680421875	916
6.680500476	917
6.681233667	918
6.684139623	919
6.684410859	920
6.684566592	921
6.684731853	922
6.684835873	923
6.685575073	924
6.686677894	925
6.686900881	926
6.687048523	927
6.690073267	928
6.691275723	929
6.691536568	930
6.692800181	931
6.693445457	932
6.693772414	933
6.694272215	934
6.697420511	935
6.697587142	936
6.69762022	937
6.698127883	938
6.698423796	939
6.698683962	940
6.699004756	941
6.699143309	942
6.699286195	943
6.69984158	944
6.701655426	945
6.701689255	946
6.702560652	947
6.703284773	948
6.704112066	949
6.705154656	950
6.705667153	951
6.706456436	952
6.706947978	953
6.706996029	954
6.707131305	955
6.707214569	956
6.707726163	957
6.708292535	958
6.709285497	959
6.710231002	960
6.710755216	961
6.711549103	962
6.712276237	963
6.71239723	964
6.712836905	965
6.713220068	966
6.713989942	967
6.714226985	968
6.714337194	969
6.714557981	970
6.715773012	971
6.715777586	972
6.71605874	973
6.716598614	974
6.716774871	975
6.717082804	976
6.718794968	977
6.719265624	978
6.7198618	979
6.720619773	980
6.721679643	981
6.722226337	982
6.7223106	983
6.723282128	984
6.723742924	985
6.724024743	986
6.725730907	987
6.726454099	988
6.727365506	989
6.728075192	990
6.729685924	991
6.730470456	992
6.731522134	993
6.733759027	994
6.734601245	995
6.735193638	996
6.735207959	997
6.735305022	998
6.735791696	999
6.739787854	1000
6.740792626	1001
6.740928292	1002
6.741699326	1003
6.74193638	1004
6.743263637	1005
6.743976408	1006
6.744838174	1007
6.744874559	1008
6.746015476	1009
6.746835404	1010
6.746882227	1011
6.748176953	1012
6.74825623	1013
6.749121379	1014
6.749230649	1015
6.749260116	1016
6.749699849	1017
6.750137951	1018
6.750874945	1019
6.750894566	1020
6.7510355	1021
6.751791409	1022
6.75212946	1023
6.754424266	1024
6.755019981	1025
6.755178487	1026
6.755282276	1027
6.755504538	1028
6.755525644	1029
6.755557859	1030
6.755664882	1031
6.756064804	1032
6.756648435	1033
6.75681963	1034
6.757916187	1035
6.758379566	1036
6.75856869	1037
6.758712697	1038
6.760375415	1039
6.760519821	1040
6.762168215	1041
6.762248604	1042
6.762604206	1043
6.763317412	1044
6.763960347	1045
6.764194241	1046
6.764474876	1047
6.764587834	1048
6.765272945	1049
6.76637793	1050
6.766496231	1051
6.766918748	1052
6.767556861	1053
6.767660363	1054
6.767687118	1055
6.768050678	1056
6.768067375	1057
6.768472007	1058
6.768486306	1059
6.768523946	1060
6.768610496	1061
6.768935768	1062
6.769043138	1063
6.769276983	1064
6.769622698	1065
6.76967843	1066
6.76980645	1067
6.769842937	1068
6.770821097	1069
6.771103439	1070
6.771779694	1071
6.772229431	1072
6.772624245	1073
6.773182161	1074
6.773481219	1075
6.774140593	1076
6.774243789	1077
6.774363345	1078
6.774451351	1079
6.774485417	1080
6.774586645	1081
6.774642897	1082
6.774907073	1083
6.775332683	1084
6.775660664	1085
6.775824174	1086
6.775849478	1087
6.776289579	1088
6.776318383	1089
6.776967617	1090
6.777078517	1091
6.777420279	1092
6.777984627	1093
6.778509488	1094
6.779130479	1095
6.779262477	1096
6.779443274	1097
6.779591502	1098
6.779893237	1099
6.78001224	1100
6.780226753	1101
6.780383553	1102
6.780859653	1103
6.781001867	1104
6.781266535	1105
6.781303613	1106
6.781378169	1107
6.781689374	1108
6.78175068	1109
6.781804268	1110
6.782144832	1111
6.783023998	1112
6.783169352	1113
6.783175106	1114
6.783366365	1115
6.783928663	1116
6.784000999	1117
6.784207149	1118
6.784296415	1119
6.784466383	1120
6.784557463	1121
6.785319274	1122
6.786617423	1123
6.786805054	1124
6.786810771	1125
6.786817576	1126
6.78699227	1127
6.787416143	1128
6.787418034	1129
6.787447672	1130
6.787636881	1131
6.787743457	1132
6.788533204	1133
6.788831711	1134
6.78903977	1135
6.789112443	1136
6.789281769	1137
6.789312659	1138
6.789320507	1139
6.789563511	1140
6.789777946	1141
6.789836703	1142
6.791023295	1143
6.791643422	1144
6.791909139	1145
6.791935603	1146
6.792348902	1147
6.792367535	1148
6.792378326	1149
6.792481614	1150
6.792601799	1151
6.792640976	1152
6.792675649	1153
6.793275368	1154
6.794059347	1155
6.794814961	1156
6.794902774	1157
6.795118793	1158
6.795199741	1159
6.795235341	1160
6.795462952	1161
6.795535279	1162
6.79613003	1163
6.796327585	1164
6.796538883	1165
6.796771632	1166
6.79685988	1167
6.797012965	1168
6.797075094	1169
6.797123676	1170
6.797836375	1171
6.798374009	1172
6.798480566	1173
6.798692088	1174
6.799645031	1175
6.799717553	1176
6.799949128	1177
6.799977095	1178
6.800379157	1179
6.800647796	1180
6.800911262	1181
6.801144615	1182
6.801514663	1183
6.801794035	1184
6.801964252	1185
6.802032176	1186
6.802184163	1187
6.802332435	1188
6.802346956	1189
6.802449979	1190
6.802736	1191
6.802864999	1192
6.802896738	1193
6.803035796	1194
6.80333117	1195
6.803582591	1196
6.803728868	1197
6.803919751	1198
6.804276615	1199
6.804472078	1200
6.80450043	1201
6.804539152	1202
6.804648526	1203
6.804690429	1204
6.805135409	1205
6.805226925	1206
6.805801713	1207
6.806305895	1208
6.806528842	1209
6.806757669	1210
6.806818936	1211
6.80694165	1212
6.807015065	1213
6.807089758	1214
6.808009394	1215
6.808101313	1216
6.808145392	1217
6.808816009	1218
6.808832887	1219
6.808844146	1220
6.809439052	1221
6.809465244	1222
6.8097154	1223
6.809741239	1224
6.81001045	1225
6.810088195	1226
6.810183878	1227
6.810356393	1228
6.810466296	1229
6.811224522	1230
6.811433706	1231
6.811499236	1232
6.811691987	1233
6.812265425	1234
6.812677915	1235
6.812875932	1236
6.81314123	1237
6.813466041	1238
6.813556383	1239
6.813562018	1240
6.813933108	1241
6.814236887	1242
6.814341601	1243
6.814470049	1244
6.814515555	1245
6.814797733	1246
6.814805921	1247
6.815439882	1248
6.81549833	1249
6.816283053	1250
6.816464166	1251
6.816708192	1252
6.817079528	1253
6.817474927	1254
6.817918777	1255
6.817925519	1256
6.818514496	1257
6.818630595	1258
6.819253389	1259
6.819303764	1260
6.819726051	1261
6.820099014	1262
6.820138919	1263
6.820360472	1264
6.820447055	1265
6.820953082	1266
6.820965585	1267
6.821356943	1268
6.821816167	1269
6.822035774	1270
6.822161371	1271
6.822322124	1272
6.822718338	1273
6.822816339	1274
6.823025432	1275
6.82322705	1276
6.823231086	1277
6.82324933	1278
6.823547435	1279
6.823582485	1280
6.823724989	1281
6.823946702	1282
6.823995099	1283
6.824060885	1284
6.824325508	1285
6.825362974	1286
6.82546651	1287
6.825690917	1288
6.826033625	1289
6.826411582	1290
6.82649607	1291
6.826509685	1292
6.826517283	1293
6.826901276	1294
6.827038498	1295
6.827061673	1296
6.827323274	1297
6.827702042	1298
6.827924635	1299
6.828639785	1300
6.829054162	1301
6.829117883	1302
6.829374561	1303
6.829569147	1304
6.829593351	1305
6.829624747	1306
6.829718502	1307
6.829973352	1308
6.830532414	1309
6.830641091	1310
6.830979622	1311
6.83133823	1312
6.831399093	1313
6.831622088	1314
6.831927311	1315
6.832050217	1316
6.832317166	1317
6.832379065	1318
6.832618403	1319
6.832703255	1320
6.832735077	1321
6.832792772	1322
6.833801717	1323
6.834127959	1324
6.834214565	1325
6.834278834	1326
6.834881105	1327
6.83533511	1328
6.835620956	1329
6.835695954	1330
6.83612432	1331
6.836315658	1332
6.836485096	1333
6.837174776	1334
6.837354704	1335
6.837418719	1336
6.837515538	1337
6.837567904	1338
6.837646718	1339
6.83771866	1340
6.838066531	1341
6.838140382	1342
6.838327322	1343
6.838486811	1344
6.838885001	1345
6.839284558	1346
6.839623306	1347
6.839751924	1348
6.839940323	1349
6.840022601	1350
6.840600388	1351
6.840694749	1352
6.840745846	1353
6.840802234	1354
6.841209917	1355
6.841514656	1356
6.841688771	1357
6.841941906	1358
6.842565093	1359
6.843277703	1360
6.844134406	1361
6.845194945	1362
6.845303063	1363
6.846091921	1364
6.846533574	1365
6.847077125	1366
6.847121993	1367
6.847332798	1368
6.848444489	1369
6.848847731	1370
6.849003653	1371
6.849159511	1372
6.849280214	1373
6.849730149	1374
6.849929255	1375
6.849992436	1376
6.850131455	1377
6.850732192	1378
6.851179965	1379
6.851760081	1380
6.852082223	1381
6.852296319	1382
6.852784211	1383
6.853685772	1384
6.853726391	1385
6.854488725	1386
6.8545005	1387
6.854702461	1388
6.854808717	1389
6.855267433	1390
6.855764779	1391
6.856146586	1392
6.856469938	1393
6.856583466	1394
6.857027927	1395
6.857332168	1396
6.857377153	1397
6.858107435	1398
6.85821454	1399
6.858425116	1400
6.858712641	1401
6.858841666	1402
6.859655222	1403
6.860755358	1404
6.86089183	1405
6.861228265	1406
6.862539026	1407
6.863043434	1408
6.863488716	1409
6.863653569	1410
6.863919702	1411
6.864864722	1412
6.865314697	1413
6.866318069	1414
6.866654258	1415
6.867945465	1416
6.868349	1417
6.868936003	1418
6.869101053	1419
6.869170028	1420
6.869760074	1421
6.87087584	1422
6.871324929	1423
6.871350868	1424
6.873657764	1425
6.876095583	1426
6.876619281	1427
6.877523801	1428
6.879057435	1429
6.879745672	1430
6.879823508	1431
6.881938248	1432
6.88258878	1433
6.88315112	1434
6.88621976	1435
6.886834245	1436
6.889929907	1437
6.890438886	1438
6.891330778	1439
6.893970859	1440
6.896545913	1441
6.899511885	1442
6.902813801	1443
6.903976216	1444
6.905488445	1445
6.907355069	1446
6.907420409	1447
6.909536968	1448
6.910194943	1449
6.913274256	1450
6.913291074	1451
6.915639154	1452
6.915984859	1453
6.917117391	1454
6.917704483	1455
6.919247538	1456
6.923904952	1457
6.924008594	1458
6.926109044	1459
6.928823537	1460
6.930757107	1461
6.934007723	1462
6.937139695	1463
6.937870283	1464
6.940671275	1465
6.941020447	1466
6.941736752	1467
6.943224683	1468
6.947825571	1469
6.949850624	1470
6.951690321	1471
6.95276968	1472
6.954973404	1473
6.957248192	1474
6.959130356	1475
6.959540055	1476
6.963268685	1477
6.965544872	1478
6.96562099	1479
6.967054386	1480
6.968228898	1481
6.969675234	1482
6.974605034	1483
6.974634486	1484
6.979508965	1485
6.983403383	1486
6.984343475	1487
6.986812262	1488
6.986826314	1489
6.989987028	1490
6.994620653	1491
6.998673834	1492
7.000771302	1493
7.006623175	1494
7.008937588	1495
7.009096962	1496
7.009527496	1497
7.011861621	1498
7.013742389	1499
7.014373697	1500
7.01476058	1501
7.018035796	1502
7.018552203	1503
7.018769144	1504
7.019864899	1505
7.019890836	1506
7.020737385	1507
7.024267107	1508
7.024882684	1509
7.025171156	1510
7.025959723	1511
7.026655103	1512
7.027864625	1513
7.028542303	1514
7.030065579	1515
7.03143103	1516
7.031609862	1517
7.033032475	1518
7.034084661	1519
7.035012106	1520
7.037069397	1521
7.037529281	1522
7.039404835	1523
7.042491177	1524
7.042746215	1525
7.042992479	1526
7.044586044	1527
7.045898362	1528
7.048745124	1529
7.062263996	1530
7.062393206	1531
7.063816401	1532
7.064868502	1533
7.065111909	1534
7.065461615	1535
7.065710941	1536
7.067012008	1537
7.067899618	1538
7.068200221	1539
7.069173155	1540
7.073351331	1541
7.073792886	1542
7.075497028	1543
7.07745237	1544
7.077598082	1545
7.077967498	1546
7.081360556	1547
7.08185929	1548
7.082218321	1549
7.08303836	1550
7.086842367	1551
7.08753496	1552
7.088934426	1553
7.089349413	1554
7.095018599	1555
7.09503168	1556
7.097123815	1557
7.098138148	1558
7.098157196	1559
7.100672188	1560
7.100796074	1561
7.102988607	1562
7.103121852	1563
7.103667001	1564
7.106944669	1565
7.107661853	1566
7.109149075	1567
7.112490693	1568
7.112560631	1569
7.112954484	1570
7.114800425	1571
7.11492522	1572
7.115714442	1573
7.116383267	1574
7.117746798	1575
7.11792588	1576
7.118841477	1577
7.12069947	1578
7.120932885	1579
7.122636542	1580
7.124168242	1581
7.125356575	1582
7.125848225	1583
7.126519821	1584
7.126771842	1585
7.12715365	1586
7.127497674	1587
7.128744677	1588
7.132638777	1589
7.133059178	1590
7.133706972	1591
7.134438189	1592
7.134652544	1593
7.134980441	1594
7.135762619	1595
7.136959769	1596
7.138827645	1597
7.13912693	1598
7.139758704	1599
7.139859091	1600
7.1413116	1601
7.141628611	1602
7.142175065	1603
7.142734955	1604
7.145831563	1605
7.150964987	1606
7.154324984	1607
7.154726669	1608
7.154971123	1609
7.156811278	1610
7.161492522	1611
7.16592823	1612
7.168594995	1613
7.171614327	1614
7.172211295	1615
7.172613753	1616
7.172634147	1617
7.174549863	1618
7.175379537	1619
7.175786315	1620
7.176282706	1621
7.179041392	1622
7.179770012	1623
7.181412088	1624
7.182789601	1625
7.185820138	1626
7.186312084	1627
7.186530563	1628
7.187710476	1629
7.188147791	1630
7.188937758	1631
7.189471632	1632
7.191009702	1633
7.195171474	1634
7.1952998	1635
7.195895576	1636
7.197769757	1637
7.200526996	1638
7.202354528	1639
7.20311574	1640
7.205307568	1641
7.206110155	1642
7.209413977	1643
7.213553858	1644
7.217033296	1645
7.217208361	1646
7.220861543	1647
7.223212838	1648
7.225784275	1649
7.225868828	1650
7.226475844	1651
7.227060058	1652
7.227649042	1653
7.234780868	1654
7.23487771	1655
7.235582728	1656
7.236484821	1657
7.237465457	1658
7.238085552	1659
7.23919849	1660
7.239429223	1661
7.239656279	1662
7.239966823	1663
7.24051298	1664
7.240903455	1665
7.242890048	1666
7.245212259	1667
7.246868532	1668
7.247582534	1669
7.248034924	1670
7.248406279	1671
7.249551108	1672
7.250732521	1673
7.252160191	1674
7.253117967	1675
7.253355039	1676
7.255106911	1677
7.255517438	1678
7.256810635	1679
7.257693634	1680
7.260700271	1681
7.26146727	1682
7.263492063	1683
7.263514767	1684
7.263522999	1685
7.264779476	1686
7.26567589	1687
7.269600454	1688
7.270437008	1689
7.277687358	1690
7.278459428	1691
7.279131409	1692
7.281634079	1693
7.281979377	1694
7.282736216	1695
7.287192126	1696
7.288648581	1697
7.289227678	1698
7.294261845	1699
7.295632906	1700
7.296917359	1701
7.297234985	1702
7.298470538	1703
7.299206821	1704
7.299485053	1705
7.300705479	1706
7.300902339	1707
7.31116622	1708
7.314107708	1709
7.315521277	1710
7.315969424	1711
7.320654663	1712
7.32110702	1713
7.325523087	1714
7.325767998	1715
7.326864946	1716
7.327194032	1717
7.336873562	1718
7.344081841	1719
7.347456404	1720
7.349711044	1721
7.352062088	1722
7.352605723	1723
7.35570653	1724
7.362830711	1725
7.366517019	1726
7.367913326	1727
7.369438395	1728
7.370020002	1729
7.370773703	1730
7.373683603	1731
7.375211438	1732
7.377782693	1733
7.38201204	1734
7.383453549	1735
7.385015319	1736
7.388921191	1737
7.390399317	1738
7.393529109	1739
7.394845734	1740
7.397541292	1741
7.401078085	1742
7.401905384	1743
7.402166272	1744
7.402820398	1745
7.404088906	1746
7.404362344	1747
7.406810428	1748
7.407211669	1749
7.409559947	1750
7.412886439	1751
7.415592661	1752
7.418876361	1753
7.421798074	1754
7.422051989	1755
7.424889511	1756
7.425211624	1757
7.426282627	1758
7.431220147	1759
7.432664793	1760
7.433704955	1761
7.435808567	1762
7.436256079	1763
7.436415729	1764
7.439059443	1765
7.439257776	1766
7.440490453	1767
7.441838014	1768
7.443087411	1769
7.443230632	1770
7.445840176	1771
7.446509256	1772
7.44734693	1773
7.447362454	1774
7.450322712	1775
7.451053037	1776
7.45200287	1777
7.45252282	1778
7.452926053	1779
7.461209667	1780
7.461778851	1781
7.462064674	1782
7.46440916	1783
7.46458153	1784
7.466151681	1785
7.466884878	1786
7.46694793	1787
7.468855905	1788
7.472351346	1789
7.472860449	1790
7.473338304	1791
7.473410397	1792
7.474517513	1793
7.474623231	1794
7.474795435	1795
7.475529943	1796
7.47792062	1797
7.480051598	1798
7.480969749	1799
7.48143307	1800
7.482005895	1801
7.483416412	1802
7.484389536	1803
7.485017249	1804
7.485900584	1805
7.486785234	1806
7.48952438	1807
7.49040611	1808
7.490727711	1809
7.491422929	1810
7.494040926	1811
7.49800012	1812
7.499785317	1813
7.500134833	1814
7.502703906	1815
7.507518967	1816
7.508519073	1817
7.508755916	1818
7.50886515	1819
7.510756584	1820
7.52122985	1821
7.526880172	1822
7.527151037	1823
7.530008576	1824
7.531257446	1825
7.535999115	1826
7.536246407	1827
7.536471499	1828
7.539177214	1829
7.543708747	1830
7.54637195	1831
7.550402815	1832
7.551083464	1833
7.552020566	1834
7.552158648	1835
7.556396212	1836
7.558707214	1837
7.55970821	1838
7.561795223	1839
7.564887157	1840
7.581736802	1841
7.581911694	1842
7.582013238	1843
7.593897082	1844
7.594701602	1845
7.597282416	1846
7.600548592	1847
7.600940224	1848
7.601982971	1849
7.606443283	1850
7.609800149	1851
7.613685725	1852
7.614506001	1853
7.616102984	1854
7.62001425	1855
7.620845967	1856
7.62217497	1857
7.622396589	1858
7.625060374	1859
7.639217495	1860
7.640923073	1861
7.645033479	1862
7.652687161	1863
7.654451683	1864
7.654762644	1865
7.657818377	1866
7.660714557	1867
7.662617161	1868
7.666389739	1869
7.672088433	1870
7.677699506	1871
7.678392193	1872
7.68264302	1873
7.686480631	1874
7.688895588	1875
7.689562586	1876
7.691456297	1877
7.696539046	1878
7.697097039	1879
7.701045637	1880
7.702513427	1881
7.702828969	1882
7.704566134	1883
7.709305664	1884
7.714895636	1885
7.717775678	1886
7.719710642	1887
7.721141741	1888
7.728287809	1889
7.728516732	1890
7.728811406	1891
7.732518811	1892
7.733308924	1893
7.73369727	1894
7.735200176	1895
7.738569279	1896
7.739814927	1897
7.740191667	1898
7.742818796	1899
7.745808716	1900
7.746536397	1901
7.748126942	1902
7.748505151	1903
7.751949965	1904
7.753233931	1905
7.753447542	1906
7.755741899	1907
7.758308904	1908
7.758611476	1909
7.759138467	1910
7.759655935	1911
7.759827197	1912
7.759984534	1913
7.76028656	1914
7.760369769	1915
7.761067199	1916
7.761273929	1917
7.761716329	1918
7.763433036	1919
7.763465767	1920
7.763532028	1921
7.766619591	1922
7.770938673	1923
7.771213632	1924
7.771817502	1925
7.772977792	1926
7.773072563	1927
7.77740936	1928
7.779686377	1929
7.780036701	1930
7.78006857	1931
7.783060665	1932
7.784504723	1933
7.785250364	1934
7.786202485	1935
7.786758865	1936
7.790343616	1937
7.803106263	1938
7.803893212	1939
7.806223263	1940
7.806353649	1941
7.8071657	1942
7.810126642	1943
7.81282	1944
7.818410899	1945
7.822336002	1946
7.826698391	1947
7.827940698	1948
7.829538328	1949
7.831760191	1950
7.831777937	1951
7.832334947	1952
7.845009464	1953
7.846396341	1954
7.84939534	1955
7.850713495	1956
7.851251357	1957
7.852218059	1958
7.854682422	1959
7.864059303	1960
7.868654891	1961
7.869532404	1962
7.875298767	1963
7.878656587	1964
7.880531182	1965
7.883592926	1966
7.890597583	1967
7.891497507	1968
7.897251399	1969
7.897816745	1970
7.899253334	1971
7.901332609	1972
7.901760501	1973
7.908612445	1974
7.909581802	1975
7.913745754	1976
7.915855352	1977
7.917782543	1978
7.91841874	1979
7.931444982	1980
7.938304184	1981
7.94429047	1982
7.950281253	1983
7.956854325	1984
7.957384209	1985
7.959077495	1986
7.962557594	1987
7.965962537	1988
7.967232148	1989
7.985464943	1990
7.986031793	1991
7.992929847	1992
7.997974514	1993
8.008059726	1994
8.018411019	1995
8.028249293	1996
8.034901971	1997
8.037822547	1998
8.039808118	1999
8.04110289	2000
8.064535259	2001
8.07062846	2002
8.071769286	2003
8.075419539	2004
8.07549638	2005
8.077345163	2006
8.085821743	2007
8.085868394	2008
8.086448476	2009
8.090098849	2010
8.091260599	2011
8.091678155	2012
8.098639779	2013
8.104715611	2014
8.107189121	2015
8.107833822	2016
8.114168822	2017
8.114208262	2018
8.12042784	2019
8.124593535	2020
8.129352995	2021
8.13087603	2022
8.131068993	2023
8.136246885	2024
8.136394891	2025
8.136436164	2026
8.138836094	2027
8.140759854	2028
8.142619819	2029
8.145640444	2030
8.149448914	2031
8.15526457	2032
8.167941325	2033
8.172823278	2034
8.177704005	2035
8.192777713	2036
8.194888701	2037
8.196442557	2038
8.198738843	2039
8.201882968	2040
8.205239938	2041
8.206949016	2042
8.212069992	2043
8.212824995	2044
8.223345056	2045
8.237250303	2046
8.242243228	2047
8.245520903	2048
8.257573101	2049
8.258307651	2050
8.258754781	2051
8.259884832	2052
8.26338246	2053
8.268058311	2054
8.280701701	2055
8.281178892	2056
8.286986988	2057
8.287331013	2058
8.291041268	2059
8.2925276	2060
8.293260835	2061
8.298103823	2062
8.298915144	2063
8.30013444	2064
8.302884445	2065
8.310428597	2066
8.311640471	2067
8.311821089	2068
8.315747911	2069
8.333101637	2070
8.335037878	2071
8.348029712	2072
8.348380092	2073
8.353175262	2074
8.35334173	2075
8.355265765	2076
8.355970146	2077
8.356624048	2078
8.358045077	2079
8.358836905	2080
8.361687939	2081
8.373500049	2082
8.382330323	2083
8.383070943	2084
8.39173133	2085
8.394384962	2086
8.395096219	2087
8.397642096	2088
8.399443851	2089
8.411581184	2090
8.417577304	2091
8.421905558	2092
8.430680201	2093
8.432948552	2094
8.449894799	2095
8.450312617	2096
8.454816497	2097
8.46365175	2098
8.466521181	2099
8.466999287	2100
8.491309268	2101
8.50842943	2102
8.521822848	2103
8.525627796	2104
8.546012167	2105
8.579122639	2106
8.598553115	2107
8.640700919	2108
8.659061342	2109
8.659097492	2110
8.660676894	2111
8.661118204	2112
8.677208974	2113
8.698655495	2114
8.7323157	2115
8.736178863	2116
8.7484644	2117
8.770246076	2118
8.772124607	2119
8.795537862	2120
8.801575382	2121
8.802297907	2122
8.811271497	2123
8.816042327	2124
8.836102306	2125
8.855051193	2126
8.857734425	2127
8.865808163	2128
8.879865223	2129
8.897748182	2130
8.914986337	2131
8.975699606	2132
8.985231963	2133
9.045546607	2134
9.16893859	2135
9.268058391	2136
9.273825648	2137
9.430335465	2138
9.445879484	2139
9.488403655	2140
9.498580666	2141
9.587200752	2142
9.618710355	2143
9.677296635	2144
9.714425719	2145
9.7395448	2146
9.750424101	2147
9.778871228	2148
9.798509489	2149
9.851067156	2150
9.852713835	2151
9.868991664	2152
9.872232738	2153
9.884338077	2154
9.884710933	2155
9.911236853	2156
9.916369217	2157
9.94150735	2158
9.942873867	2159
9.94532199	2160
9.955091007	2161
9.9675819	2162
9.986754147	2163
9.995629501	2164
9.99670257	2165
10.026302899	2166
10.047946666	2167
10.048275539	2168
10.053672701	2169
10.05457055	2170
10.08521762	2171
10.096440326	2172
10.112399324	2173
10.125159201	2174
10.14188385	2175
10.165548362	2176
10.169911268	2177
10.206672346	2178
10.25732745	2179
10.267803628	2180
10.307475523	2181
10.334910186	2182
10.361676371	2183
10.380780713	2184
10.384053392	2185
10.386194905	2186
10.392208705	2187
10.406017995	2188
10.415601962	2189
10.416389649	2190
10.418235158	2191
10.41834554	2192
10.418384566	2193
10.431800586	2194
10.433570515	2195
10.437197846	2196
10.437318065	2197
10.438834878	2198
10.440325248	2199
10.443561992	2200
10.460455561	2201
10.460853	2202
10.477342614	2203
10.480493805	2204
10.487932632	2205
10.506575785	2206
10.579307445	2207
10.669744622	2208
10.674255684	2209
10.677041679	2210
10.683249143	2211
10.686615197	2212
10.690344668	2213
10.695896159	2214
10.696873268	2215
10.698905313	2216
10.706631034	2217
10.709164752	2218
10.710717582	2219
10.713600855	2220
10.718751186	2221
10.727385797	2222
10.732644452	2223
10.738938271	2224
10.741126052	2225
10.743475177	2226
10.747187225	2227
10.75156427	2228
10.760191998	2229
10.766466128	2230
10.768034804	2231
10.783591882	2232
10.828003702	2233
10.831493948	2234
10.835730832	2235
10.836396366	2236
10.901733147	2237
10.932168616	2238
10.942004525	2239
10.952424862	2240
10.961937799	2241
10.975153993	2242
10.97850165	2243
10.991664412	2244
10.996834512	2245
10.999653016	2246
10.999755093	2247
11.012940514	2248
11.013272121	2249
11.018148355	2250
11.03516661	2251
11.035206639	2252
11.051660577	2253
11.054230739	2254
11.066214014	2255
11.077405929	2256
11.07942384	2257
11.094554138	2258
11.102615511	2259
11.10280912	2260
11.105302704	2261
11.189506805	2262
11.244605305	2263
11.273814329	2264
11.283534031	2265
11.315725589	2266
11.324436263	2267
11.372509593	2268
11.382171442	2269
11.38564974	2270
11.414187866	2271
11.548100061	2272
11.700095385	2273
11.700153803	2274
11.738389516	2275
11.742180932	2276
11.745255429	2277
11.749306117	2278
11.891472378	2279
11.928773159	2280
11.934221052	2281
11.9950835	2282
12.196971967	2283
12.434669417	2284
12.490256423	2285
12.555942204	2286
12.585049516	2287
12.641390305	2288
12.643857644	2289
12.644806113	2290
12.657869952	2291
12.686285535	2292
12.705339422	2293
12.709824895	2294
12.724052721	2295
12.752685574	2296
12.855047816	2297
12.877904069	2298
13.001918259	2299
13.05897306	2300
13.102020402	2301
13.123135078	2302
13.130555685	2303
13.169934778	2304
13.232544926	2305
13.278297094	2306
13.34187736	2307
13.562873695	2308
13.644539761	2309
13.664679336	2310
13.703101761	2311
13.70664114	2312
13.77116886	2313
14.001329097	2314
14.012713446	2315
14.079513202	2316
14.283694219	2317
14.414730751	2318
14.435979874	2319
14.542683496	2320
14.600140938	2321
14.600805565	2322
14.635262754	2323
14.638829598	2324
14.657667483	2325
14.683851852	2326
14.697099324	2327
14.705080773	2328
14.728163684	2329
14.733026327	2330
14.742254098	2331
14.74774994	2332
14.81548078	2333
14.841813786	2334
14.877686898	2335
14.990882904	2336
14.9946683	2337
15.065365511	2338
15.157077889	2339
15.296845736	2340
15.30442902	2341
15.311858293	2342
15.31731747	2343
15.332521329	2344
15.33298053	2345
15.395559563	2346
15.411964594	2347
15.428472683	2348
15.453511586	2349
15.469213085	2350
15.507358256	2351
15.549632088	2352
15.559219199	2353
15.564940751	2354
15.573555572	2355
15.584538205	2356
15.60760922	2357
15.638187102	2358
15.651505406	2359
15.652846193	2360
15.655547994	2361
15.669767946	2362
15.676608974	2363
15.739026026	2364
15.748194175	2365
15.756970593	2366
15.76360112	2367
15.849197582	2368
15.8528731	2369
15.873661589	2370
15.966644721	2371
15.999468423	2372
16.014987459	2373
16.040943699	2374
16.053602311	2375
16.105900524	2376
16.128542077	2377
16.131243732	2378
16.134886029	2379
16.173742596	2380
16.196918032	2381
16.219289932	2382
16.235571722	2383
16.262359771	2384
16.270591676	2385
16.286084958	2386
16.313327368	2387
16.321585077	2388
16.385943328	2389
16.436689559	2390
16.473340493	2391
16.510271042	2392
16.529640395	2393
16.56303047	2394
16.634293838	2395
16.718935496	2396
16.72171494	2397
16.729653087	2398
16.757145256	2399
16.781964913	2400
16.815446969	2401
16.818541932	2402
16.835252109	2403
16.85482122	2404
16.857534122	2405
16.882561606	2406
16.890742356	2407
16.930912357	2408
16.947491565	2409
17.035263582	2410
17.05478096	2411
17.085115211	2412
17.10947236	2413
17.168569297	2414
17.208190692	2415
17.241863235	2416
17.293466693	2417
17.351630977	2418
17.362842436	2419
17.45270971	2420
17.471410233	2421
17.487062552	2422
17.540872642	2423
17.54314947	2424
17.557022857	2425
17.604508188	2426
17.622726687	2427
17.687627042	2428
17.759378999	2429
17.84145578	2430
17.865568276	2431
17.903120074	2432
17.996708889	2433
18.098032915	2434
18.157791073	2435
18.245008725	2436
18.248293361	2437
18.290346431	2438
18.403967959	2439
18.49586547	2440
18.513247238	2441
18.514929371	2442
18.546472249	2443
18.550365582	2444
18.588672634	2445
18.594181073	2446
18.658018552	2447
18.667112999	2448
18.684273397	2449
19.054246338	2450
19.082102909	2451
19.304423916	2452
19.527244798	2453
19.536403116	2454
19.615899843	2455
19.726744602	2456
19.917850903	2457
20.280131595	2458
20.574431292	2459
20.596773197	2460
20.644511672	2461
20.87033467	2462
20.921605239	2463
21.14951244	2464
21.169906211	2465
21.177710269	2466
21.21700246	2467
21.408186604	2468
21.713617717	2469
21.743395326	2470
21.897754539	2471
21.933803606	2472
22.12086309	2473
22.196843674	2474
22.432334732	2475
22.516357358	2476
22.874791591	2477
23.025772436	2478
23.302481213	2479
23.38536322	2480
23.424782486	2481
23.433940625	2482
24.091909543	2483
24.449368743	2484
24.729962086	2485
25.083933519	2486
25.536580039	2487
25.563546966	2488
26.642986208	2489
26.775082757	2490
27.705900954	2491
28.753421465	2492
29.168687645	2493
29.494139052	2494
29.678685064	2495
29.729576593	2496
30.121532006	2497
31.037279323	2498
31.037727708	2499
31.160857801	2500
31.791326561	2501
31.980082898	2502
32.961489015	2503
34.266006388	2504
34.389583607	2505
35.590714552	2506
36.307948933	2507
36.352407695	2508
36.733661905	2509
37.311399486	2510
37.730966447	2511
37.764612441	2512
38.295155256	2513
38.547297736	2514
40.70677725	2515
42.132246855	2516
42.662843068	2517
44.788580528	2518
48.538416496	2519
48.730364277	2520
48.80926394	2521
48.988492733	2522
50.425470613	2523
50.444826001	2524
52.471772778	2525
53.897537024	2526
55.315178208	2527
56.118522718	2528
57.890462022	2529
57.989285016	2530
58.537423199	2531
59.84971925	2532
60.378326335	2533
60.765089254	2534
65.373178998	2535
66.432223877	2536
66.722683451	2537
67.376959319	2538
68.552918554	2539
70.305504983	2540
70.33836269	2541
72.863503097	2542
77.342787729	2543
78.545362754	2544
80.07507244	2545
80.465939019	2546
80.838712307	2547
82.278101485	2548
82.79933475	2549
84.600742461	2550
89.718819395	2551
95.481273487	2552
96.348142895	2553
96.806149403	2554
98.148440066	2555
98.718187671	2556
99.065894337	2557
101.06557886	2558
101.235523478	2559
102.107645611	2560
104.158645	2561
104.847568945	2562
105.50431642	2563
106.339673361	2564
106.583284409	2565
108.091762983	2566
109.432881165	2567
116.232523719	2568
117.547636594	2569
117.75269861	2570
118.072534259	2571
118.279021131	2572
120.971527951	2573
121.200211691	2574
124.818377523	2575
